"V1" "V2" "V3" "V4" "V5" "V6" "V7" "V8" "V9" "V10" "V11" "V12" "V13" "V14" "V15" "V16" "V17" "V18" "V19" "V20" "V21" "V22" "V23" "V24" "V25" "V26" "V27" "V28" "V29" "V30" "V31" "V32" "V33" "V34" "V35" "V36" "V37" "V38" "V39" "V40" "V41" "V42" "V43" "V44" "V45" "V46" "V47" "V48" "V49" "V50" "V51" "V52" "V53" "V54" "V55" "V56" "V57" "V58" "V59" "V60" "V61" "V62" "V63" "V64" "V65" "V66" "V67" "V68" "V69" "V70" "V71" "V72" "V73" "V74" "V75" "V76" "V77" "V78" "V79" "V80" "V81" "V82" "V83" "V84" "V85" "V86" "V87" "V88" "V89" "V90" "V91" "V92" "V93" "V94" "V95" "V96" "V97" "V98" "V99" "V100" "V101" "V102" "V103" "V104" "V105" "V106" "V107" "V108" "V109" "V110" "V111" "V112" "V113" "V114" "V115" "V116" "V117" "V118" "V119" "V120" "V121" "V122" "V123" "V124" "V125" "V126" "V127" "V128" "V129" "V130" "V131" "V132" "V133" "V134" "V135" "V136" "V137" "V138" "V139" "V140" "V141" "V142" "V143" "V144" "V145" "V146" "V147" "V148" "V149" "V150"
"1" 0 0 0 0 0 0 0 0 0 0 0 0 0 0 0 0 0 0 0 0 0 0 0 0 0 0 0 0 0 0 0 0 0 0 0 0 0 0 0 0 0 0 0 0 0 0 0 0 0 0 0 0 0 0 0 0 0 0 0 0 0 0 0 0 0 0 0 0 0 0 0 0 0 0 0 0 0 0 0 0 0 0 0 0 0 68 81 82 81 81 0 0 0 0 0 0 0 0 0 67 67 68 67 67 67 0 0 0 0 0 0 0 0 0 0 0 0 0 0 0 0 0 0 0 0 0 0 0 0 0 0 0 0 0 0 68 68 0 0 0 0 82 82 82 67 0 0 0 0 0
"2" 0 0 0 0 0 0 0 0 0 0 0 0 0 0 0 0 0 0 0 0 0 0 0 0 0 0 0 0 0 0 0 0 0 0 0 0 0 0 0 0 0 0 0 0 0 0 0 0 0 0 0 0 0 0 0 0 0 0 0 0 0 0 0 0 0 0 0 0 0 0 0 0 0 0 0 0 0 0 0 0 0 0 0 0 0 0 0 82 82 82 0 0 0 0 0 0 0 0 0 0 0 0 0 0 0 0 0 0 0 0 0 0 0 0 0 0 0 0 0 0 0 0 0 0 0 0 0 0 0 0 0 0 0 0 0 67 82 68 0 0 0 82 81 68 0 0 0 0 0 0
"3" 0 0 0 0 0 0 0 0 0 0 0 0 0 0 0 0 0 0 0 0 0 0 0 0 0 0 0 0 0 0 0 0 0 0 0 0 0 0 0 0 0 0 0 0 0 0 0 0 0 0 0 0 0 0 0 0 0 0 0 0 0 0 0 0 0 0 0 0 0 0 0 0 0 0 0 0 0 0 0 0 0 0 0 0 0 0 0 0 0 0 0 0 0 0 0 0 0 0 0 0 0 0 0 0 0 0 0 0 0 0 0 0 0 0 0 0 0 0 0 0 0 0 0 0 0 0 0 0 0 0 0 0 0 0 67 82 82 82 67 67 67 68 82 82 68 0 85 0 0 0
"4" 0 0 0 0 0 0 0 0 0 0 0 0 0 0 0 0 0 0 0 0 0 0 0 0 0 0 0 0 0 0 0 0 0 0 0 0 0 0 0 0 0 0 0 0 0 0 0 0 0 0 0 0 0 0 0 0 0 0 0 0 0 0 0 0 0 0 0 0 0 0 0 0 0 0 0 0 0 0 0 0 0 0 0 0 0 0 0 0 0 0 0 0 0 0 0 0 0 0 0 0 0 0 0 0 0 0 0 0 0 0 0 0 0 0 0 0 0 0 0 0 0 0 0 0 0 0 0 0 0 0 0 0 0 0 67 82 82 82 82 82 82 82 81 81 82 85 85 85 0 0
"5" 0 0 0 0 0 0 0 0 0 0 0 0 0 0 0 0 0 0 0 0 0 0 0 0 0 0 0 0 0 0 0 0 0 0 0 0 0 0 0 0 0 0 42 41 0 0 0 0 0 0 0 0 0 0 0 0 0 0 0 0 0 0 0 0 0 0 0 0 0 0 0 0 0 0 0 0 0 0 0 0 0 0 0 0 0 0 0 0 0 0 0 0 0 0 0 0 0 0 0 0 0 0 0 0 0 0 0 0 0 0 0 0 0 0 0 0 0 68 67 68 0 0 0 0 0 0 0 0 0 0 0 0 0 0 67 82 82 81 82 82 67 82 82 68 150 170 170 85 85 0
"6" 0 0 0 0 0 0 0 0 0 0 0 0 0 0 0 0 0 0 0 0 0 0 0 0 0 0 0 0 0 0 0 0 0 0 0 0 0 0 0 0 0 0 0 0 0 0 0 0 0 0 0 0 0 0 0 0 0 0 0 0 0 0 0 0 0 0 0 0 0 0 0 0 0 0 0 0 0 0 0 0 0 0 0 0 0 0 0 0 0 0 0 0 0 0 0 0 0 0 0 0 0 0 0 0 0 0 0 0 0 0 0 68 67 68 67 68 67 67 67 67 0 0 0 0 0 0 0 0 0 0 0 0 0 0 0 67 82 82 82 82 68 67 0 0 151 255 170 170 170 85
"7" 0 0 0 0 0 0 0 0 0 0 0 0 0 0 0 0 0 0 0 0 0 0 0 0 0 0 0 0 0 0 0 0 0 0 0 0 0 0 0 0 0 0 0 0 0 0 0 0 0 0 0 0 0 0 0 0 0 0 0 0 0 0 0 0 0 0 0 0 0 0 0 0 0 0 0 0 0 0 0 0 0 0 0 0 0 0 0 0 0 0 0 0 0 0 0 0 0 0 0 0 0 0 0 0 0 0 0 0 0 0 0 68 68 67 68 67 67 67 67 68 0 0 0 0 0 0 0 0 0 0 0 0 0 0 0 0 0 67 81 82 82 0 0 0 0 85 170 250 192 85
"8" 0 0 0 0 0 0 0 0 0 0 0 0 0 0 0 0 0 0 0 0 0 0 0 0 0 0 0 0 0 0 0 0 0 0 0 0 0 0 0 0 0 0 0 0 0 0 0 0 0 0 0 0 0 0 0 0 0 0 0 0 0 0 0 0 0 0 0 0 0 0 0 0 0 0 0 0 0 0 0 0 0 0 0 0 0 0 0 82 0 0 0 0 0 0 0 0 0 0 0 0 0 0 0 0 0 0 0 0 0 0 0 67 68 67 67 67 67 68 68 67 0 0 0 0 0 0 0 0 0 0 0 0 0 0 0 0 0 67 67 67 68 0 0 0 0 0 85 85 82 67
"9" 0 0 0 0 0 0 0 0 0 0 0 0 0 0 0 0 0 0 0 0 0 0 0 0 0 0 0 0 0 0 0 0 0 0 0 0 0 0 0 0 0 0 0 0 0 0 0 0 0 0 0 0 0 0 0 0 0 0 0 0 0 0 0 0 0 0 0 0 0 0 0 0 0 0 0 0 0 0 0 0 0 0 0 0 0 0 0 82 82 0 0 0 0 0 0 0 0 0 0 0 0 0 0 0 0 0 0 0 0 0 0 68 67 67 68 68 67 67 68 68 0 0 0 0 0 0 0 0 0 0 0 0 0 0 0 68 67 67 68 67 67 0 0 0 0 0 85 82 0 0
"10" 0 0 0 0 0 0 0 0 0 0 0 0 0 0 0 0 0 0 0 0 0 0 0 0 0 0 0 0 0 0 0 0 0 0 0 0 0 0 0 0 0 0 0 0 0 0 0 0 0 0 0 0 0 0 0 0 0 0 0 0 0 0 0 0 0 0 0 0 0 0 0 0 0 0 0 0 0 0 0 0 0 0 0 0 0 0 0 0 0 0 0 0 0 0 0 0 0 0 0 0 0 85 85 0 0 0 0 0 0 0 0 0 67 68 67 67 67 68 67 68 0 0 0 0 0 0 0 0 0 0 0 0 0 0 67 67 67 67 67 67 0 0 0 0 0 0 85 85 67 0
"11" 0 0 0 0 0 0 0 0 0 0 0 0 0 0 0 0 0 0 0 0 0 0 0 0 0 0 0 0 0 0 0 0 0 0 0 0 0 0 0 0 0 0 0 0 0 0 0 0 0 0 0 0 0 0 0 0 0 0 0 0 0 0 0 0 0 0 0 0 0 0 0 0 0 0 0 0 0 0 0 0 0 0 0 0 0 42 42 0 0 0 0 0 0 0 0 0 0 0 0 0 85 86 85 42 0 0 0 0 0 0 0 0 68 67 67 68 68 67 67 68 0 0 0 0 0 0 0 0 0 0 0 0 0 67 68 67 67 67 68 67 0 0 0 0 0 0 0 67 0 0
"12" 0 0 0 0 0 0 0 0 0 0 0 0 0 0 0 0 0 0 0 0 0 0 0 0 0 0 0 0 0 0 0 0 0 0 0 0 0 0 0 0 0 0 0 0 0 0 0 41 42 113 250 82 0 0 41 0 0 0 0 0 0 0 0 0 0 0 0 0 0 0 0 0 0 0 0 0 0 0 0 0 0 0 0 0 41 82 42 0 0 0 0 0 0 0 0 0 0 0 0 0 85 85 85 41 0 0 0 0 0 0 0 0 0 67 67 67 68 67 67 67 0 0 0 0 0 0 0 0 0 0 0 0 0 67 82 67 68 68 67 68 0 0 0 0 0 0 0 0 0 0
"13" 0 0 0 0 0 0 0 0 0 0 0 0 0 0 0 0 0 0 0 0 0 0 0 0 0 0 0 0 0 0 0 0 0 0 0 0 0 0 0 0 0 0 41 42 0 81 192 250 250 251 250 192 192 250 255 250 85 82 82 0 0 0 41 0 0 0 0 0 0 0 0 0 0 0 0 0 0 0 0 0 0 0 0 0 0 0 0 0 0 0 0 0 0 0 0 0 0 0 0 0 42 85 42 0 0 0 0 0 0 0 0 0 0 0 67 67 82 67 67 0 0 0 0 0 0 0 0 0 0 0 0 0 0 67 82 67 68 67 67 67 0 0 0 0 0 0 0 0 0 0
"14" 0 0 0 0 0 0 0 0 0 0 0 0 0 0 0 0 0 0 0 0 0 0 0 0 0 0 0 0 0 0 0 0 0 0 0 0 0 0 0 0 0 146 192 192 192 250 250 247 246 247 247 250 250 251 250 250 250 250 250 250 250 192 192 114 0 0 0 0 0 0 0 0 0 0 0 0 0 0 0 42 81 113 193 114 82 192 113 0 0 0 0 0 0 0 0 0 0 85 41 0 0 42 0 0 0 0 0 0 67 68 0 0 0 0 0 0 82 68 0 0 0 0 0 0 0 0 0 0 0 0 0 0 0 0 82 82 82 81 82 0 0 0 0 0 0 0 0 0 0 0
"15" 0 0 0 0 0 0 0 0 0 0 0 0 0 0 0 0 0 0 0 0 0 0 0 0 0 0 0 0 0 0 0 0 0 0 0 0 0 0 42 85 193 250 250 250 250 247 192 247 246 250 250 250 250 250 250 250 250 250 255 255 250 250 250 250 192 192 192 250 113 42 41 0 0 42 85 82 82 192 250 250 250 250 251 250 250 255 250 192 192 251 192 0 0 0 0 0 82 114 85 0 0 0 0 0 0 0 0 0 67 67 67 0 0 0 0 0 0 0 0 0 0 0 0 0 0 0 0 0 0 0 0 0 0 0 68 82 82 67 0 0 0 0 0 0 0 0 0 0 0 0
"16" 0 0 0 0 0 0 0 0 0 0 0 0 0 0 0 0 0 0 0 0 0 0 0 0 0 0 0 0 0 0 0 0 0 0 0 42 42 193 246 247 250 250 247 247 193 193 246 246 250 250 250 247 247 247 247 247 250 250 250 250 250 250 247 250 250 250 255 255 255 250 250 192 250 250 255 255 255 255 255 255 250 250 250 250 250 250 250 250 250 250 250 247 250 192 247 192 193 192 113 0 0 0 0 0 0 0 0 0 67 67 67 0 0 0 0 0 0 0 0 0 0 0 0 0 0 0 0 0 0 0 0 0 0 0 0 0 0 0 0 0 0 0 0 0 0 0 0 0 0 0
"17" 0 0 0 0 0 0 0 0 0 0 0 0 0 0 0 0 0 0 0 0 0 0 0 0 0 0 0 0 0 0 0 0 41 114 113 146 192 246 247 247 247 247 192 192 246 247 247 247 246 250 250 247 251 247 246 247 247 247 246 247 247 246 250 250 250 250 250 255 255 255 250 250 255 255 255 255 250 250 250 250 250 250 250 251 250 250 250 251 250 250 250 250 251 250 250 251 250 250 250 41 0 0 0 0 0 0 0 0 68 82 68 0 0 0 0 0 0 0 0 0 0 0 0 0 0 0 0 0 0 0 0 0 0 0 0 0 0 0 0 0 0 0 0 0 0 0 0 0 0 0
"18" 0 0 0 0 0 0 0 0 0 0 0 0 0 0 0 0 0 0 0 0 0 0 0 0 0 0 0 0 0 0 41 42 148 192 193 247 246 247 247 247 246 192 247 247 192 192 247 247 247 250 250 247 246 246 246 246 247 247 247 246 246 247 247 250 250 250 250 250 250 250 250 250 250 250 250 250 250 250 250 247 247 247 247 250 250 251 250 250 250 247 247 247 250 250 250 250 250 250 250 82 82 113 113 114 42 0 0 0 0 68 0 0 0 0 0 0 0 0 0 0 0 0 0 0 0 0 0 0 0 0 0 0 0 0 0 0 0 0 0 0 0 0 0 0 0 0 0 67 0 0
"19" 0 0 0 0 0 0 0 0 0 0 0 0 0 0 0 0 0 0 0 0 0 0 0 0 0 0 0 0 42 83 148 148 192 192 192 193 192 247 247 192 192 192 193 193 192 247 246 246 247 246 247 247 247 246 246 246 247 246 247 246 247 247 251 250 250 250 250 250 250 250 250 250 250 250 250 250 250 246 247 247 250 250 250 250 250 250 250 250 250 246 247 250 250 250 250 250 250 250 250 250 250 250 250 250 247 82 0 0 0 0 0 0 0 0 0 0 0 0 0 0 0 0 0 0 0 0 0 0 0 0 0 0 0 0 0 0 0 0 0 0 0 0 0 0 0 0 0 0 0 0
"20" 0 0 0 0 0 0 0 0 0 0 0 0 0 0 0 0 0 0 0 0 0 0 0 0 0 0 0 0 113 148 148 148 146 193 193 192 192 193 192 192 192 192 192 192 247 247 247 247 247 247 192 192 246 247 247 247 247 247 247 247 247 246 247 250 250 250 250 250 250 246 246 247 247 247 247 250 247 247 250 251 250 250 250 250 250 250 250 250 247 250 250 250 250 250 250 250 250 250 247 247 247 247 247 250 250 250 85 0 0 0 0 0 0 0 0 0 0 0 0 0 0 0 0 0 0 0 0 0 0 0 0 0 0 0 0 0 0 0 0 0 0 0 0 0 0 0 0 0 0 0
"21" 0 0 0 0 0 0 0 0 0 0 0 0 0 0 0 0 0 0 0 0 0 0 0 0 0 0 42 125 146 146 146 146 146 148 148 192 192 192 192 146 193 192 192 192 193 192 193 247 246 192 247 193 192 247 247 247 247 247 247 247 247 247 250 250 250 250 250 250 250 250 246 247 246 250 250 250 250 251 250 250 250 247 250 250 247 250 250 250 250 251 250 250 250 250 247 246 247 247 247 246 246 247 247 247 250 250 250 0 0 0 0 0 0 0 0 0 0 0 0 0 0 0 0 0 0 0 0 0 0 0 0 0 0 0 0 0 0 0 0 0 0 0 0 0 0 0 0 0 0 0
"22" 0 0 0 0 0 0 0 0 0 0 0 0 0 0 0 0 0 0 0 0 0 0 0 0 0 83 145 146 146 146 146 146 146 148 148 146 146 146 146 146 192 192 192 192 192 193 193 247 192 192 246 193 192 193 246 247 246 247 246 247 247 247 247 250 250 250 250 250 250 250 247 250 250 250 250 250 250 250 250 250 246 247 247 247 247 247 250 250 250 250 250 247 246 247 246 247 247 247 247 246 247 247 192 192 193 193 82 0 0 0 0 0 0 0 0 0 0 0 0 0 0 0 0 0 0 0 0 0 0 0 0 0 0 0 0 0 0 0 0 0 0 0 0 0 0 0 0 0 0 0
"23" 0 0 0 0 0 0 0 0 0 0 0 0 0 0 0 0 0 0 0 0 0 0 0 0 42 148 148 125 124 125 125 125 146 146 146 146 146 146 146 148 192 192 193 193 192 192 192 193 192 193 192 193 193 192 192 193 247 247 246 247 246 247 246 247 247 247 250 246 246 247 246 250 250 250 250 250 250 247 246 247 247 247 247 247 247 246 247 246 250 250 250 250 246 246 247 247 247 247 246 246 192 192 192 192 192 193 192 192 82 0 0 0 0 0 0 0 0 0 0 0 0 0 0 0 0 0 0 0 0 0 0 0 0 0 0 0 0 0 0 0 0 0 0 0 0 0 0 0 0 0
"24" 0 0 0 0 0 0 0 0 0 0 0 0 0 0 0 0 0 0 0 0 0 0 0 0 41 146 124 125 124 124 125 125 125 125 125 146 146 146 148 148 193 192 193 192 193 192 192 192 193 193 192 192 192 193 192 192 192 192 192 247 247 247 247 247 247 247 247 247 247 246 246 247 247 246 247 247 246 246 247 246 247 247 192 246 246 247 246 246 247 246 247 250 247 247 246 247 247 247 247 247 247 247 247 247 247 250 250 250 250 250 193 0 0 0 0 0 0 0 0 0 0 0 0 0 0 0 0 0 0 0 0 0 0 0 0 0 0 0 0 0 0 0 0 0 67 0 0 0 0 0
"25" 0 0 0 0 0 0 0 0 0 0 0 0 0 0 0 0 0 0 0 0 0 0 0 0 83 124 124 125 124 125 124 125 125 124 124 146 146 146 148 148 192 192 192 193 192 192 192 146 146 193 146 192 192 193 146 192 192 192 192 247 247 192 193 192 246 247 247 247 247 247 247 247 247 247 247 246 247 246 247 247 246 247 192 246 247 247 246 246 247 247 246 247 246 192 192 193 247 247 247 247 247 247 247 247 247 250 250 250 250 251 250 192 82 0 0 0 0 0 0 0 0 0 0 0 0 0 0 0 0 0 0 0 0 0 0 0 0 0 0 0 0 0 0 67 85 85 67 0 67 67
"26" 0 0 0 0 0 0 0 0 0 0 0 0 0 0 0 0 0 0 0 0 0 0 0 0 83 124 125 124 124 125 125 125 124 124 125 124 146 146 145 146 192 192 192 193 146 192 192 192 146 148 193 192 148 146 146 193 193 193 192 193 192 192 192 192 192 247 247 247 246 246 247 246 247 247 246 247 247 247 247 246 247 247 192 192 246 246 247 247 246 246 246 247 247 192 247 247 247 246 247 250 250 250 250 250 250 250 250 251 250 250 250 255 250 42 0 0 0 0 0 0 0 0 0 0 0 0 0 0 68 82 82 0 0 0 0 0 67 81 82 67 67 0 0 85 85 85 85 67 68 67
"27" 0 0 0 0 0 0 0 0 0 0 0 0 0 0 0 0 0 0 0 0 0 0 0 0 41 125 125 125 125 124 124 125 124 124 124 124 124 146 146 146 146 192 192 146 146 192 192 192 193 192 250 250 192 148 192 192 193 193 192 192 192 146 193 192 192 192 192 192 192 247 246 246 246 247 247 246 247 247 247 247 247 247 192 193 192 192 192 246 247 247 247 246 246 193 247 247 247 247 247 250 251 250 250 250 250 250 250 250 250 250 250 250 255 192 0 0 0 0 0 0 0 0 0 0 0 0 0 0 82 151 151 82 67 0 0 67 68 68 68 67 67 0 0 67 85 81 82 68 67 67
"28" 170 85 0 0 0 0 0 0 0 0 0 0 0 0 0 0 0 0 0 0 0 0 0 0 83 124 124 124 124 125 124 124 124 124 124 124 146 146 124 125 148 148 146 145 146 192 193 250 250 255 255 255 255 250 250 250 192 192 192 192 192 192 193 192 192 192 193 192 247 246 247 246 246 246 247 247 246 247 246 246 246 246 192 193 192 192 192 192 192 192 247 247 247 192 247 247 247 247 247 247 250 250 250 250 251 250 250 250 251 250 250 250 250 250 192 0 0 0 0 0 0 0 0 0 0 0 0 0 82 81 82 82 68 68 68 82 67 68 67 67 67 68 68 68 67 68 67 67 67 67
"29" 255 170 85 0 0 0 0 0 0 0 0 0 0 0 0 0 0 0 0 0 0 0 0 0 42 125 83 124 83 83 83 124 125 125 125 124 125 125 146 148 148 148 148 148 148 192 250 250 255 255 255 255 255 255 250 251 250 250 193 193 148 192 192 192 192 193 192 192 246 246 246 247 247 247 247 247 247 247 247 247 247 192 193 192 192 193 192 193 192 192 247 193 192 192 247 247 247 192 192 247 250 250 250 250 250 250 250 250 250 250 250 250 251 250 250 146 0 0 0 0 0 0 0 0 0 0 0 0 68 82 81 82 82 82 82 151 151 82 82 67 68 82 67 68 67 67 68 67 67 67
"30" 170 85 0 0 0 0 0 0 0 0 0 0 0 0 0 0 0 0 0 0 0 0 0 0 0 83 83 83 83 125 124 124 125 83 83 125 83 124 113 193 250 250 250 250 250 250 250 250 255 255 255 255 255 255 255 250 250 250 250 192 192 192 192 192 193 192 192 246 247 247 247 246 247 246 246 247 246 247 247 246 192 192 192 192 246 247 193 193 192 193 192 192 192 193 193 247 246 247 246 247 250 250 250 250 250 250 250 250 250 247 247 250 250 251 250 250 192 42 0 0 0 0 0 0 0 0 0 0 67 82 150 151 82 82 192 193 192 193 151 82 68 67 0 0 0 0 0 0 0 0
"31" 0 0 0 0 0 0 0 0 0 0 0 0 0 0 0 0 0 0 0 0 0 0 0 0 0 41 41 42 83 83 83 83 83 125 125 83 83 83 113 250 250 255 255 255 255 255 255 255 255 255 255 255 255 255 255 255 255 250 250 250 250 250 192 192 192 192 192 247 247 246 247 247 192 193 192 246 247 247 247 192 192 192 192 192 192 192 192 146 146 146 146 146 146 146 146 192 193 246 247 250 250 250 250 251 250 250 250 250 247 192 192 246 247 247 247 250 250 192 82 42 0 0 0 0 0 0 68 67 81 150 192 151 82 82 192 193 192 192 193 150 67 0 67 82 82 68 0 0 0 0
"32" 0 0 0 0 0 0 0 0 0 0 0 0 0 0 0 0 0 0 0 0 0 0 0 0 0 0 0 41 250 148 83 83 83 124 125 83 83 82 113 250 250 255 255 255 255 255 250 170 170 170 170 255 255 255 255 255 255 255 255 255 250 250 250 192 193 192 193 192 193 247 247 247 192 192 193 246 247 247 247 193 192 192 192 193 192 193 192 192 146 146 146 145 146 146 146 146 145 146 146 192 192 193 246 250 250 250 250 247 192 192 192 192 246 247 247 247 250 250 192 42 0 0 0 0 0 82 82 81 82 81 151 150 82 82 82 192 247 192 192 151 82 82 150 170 150 81 0 0 0 0
"33" 0 0 0 0 0 0 0 0 0 0 0 0 0 0 0 0 0 0 0 0 0 0 0 0 0 0 0 170 255 255 192 41 83 83 83 83 83 83 148 250 255 255 255 255 255 255 250 170 85 0 170 255 255 255 255 255 255 255 255 255 255 250 250 250 192 192 192 192 192 192 192 192 193 192 247 246 247 246 192 192 192 192 192 192 192 192 192 192 192 146 146 146 146 192 192 192 192 192 146 146 146 192 192 247 250 250 250 247 192 192 193 247 247 246 247 247 250 250 250 81 0 0 0 0 0 0 67 67 67 82 82 82 82 82 82 151 193 170 192 192 151 192 170 170 192 82 68 0 0 0
"34" 0 0 0 0 0 0 0 0 0 0 0 0 0 0 0 0 0 0 0 0 0 0 0 0 0 0 85 255 255 255 255 113 83 83 83 83 83 83 113 250 255 255 255 255 255 255 255 170 170 85 250 255 255 255 255 255 255 255 255 255 255 255 250 193 192 192 192 192 192 193 192 192 192 192 247 247 247 192 192 193 192 192 192 192 192 192 146 146 146 146 192 192 193 192 192 192 192 192 192 192 192 192 247 247 246 247 193 192 192 192 192 246 247 246 246 247 246 250 250 42 0 0 0 0 0 0 0 0 0 0 68 82 82 82 81 82 82 192 192 151 151 192 170 151 150 67 68 0 0 0
"35" 0 0 0 0 0 0 0 0 0 0 0 0 0 0 0 0 0 0 0 0 0 0 0 0 0 0 255 255 255 255 255 250 148 83 83 41 42 83 113 250 250 255 255 255 255 255 255 170 170 250 255 255 255 255 255 255 255 255 255 255 255 255 250 250 192 193 193 247 247 192 192 193 192 247 247 246 247 192 192 192 192 193 192 193 192 192 193 192 192 192 193 193 192 193 193 193 192 192 193 193 192 192 246 192 192 192 192 192 193 192 192 193 247 247 246 247 250 250 82 0 0 0 0 0 0 0 0 0 0 0 0 67 68 82 82 82 81 82 151 150 170 193 150 82 82 67 0 0 0 0
"36" 0 0 0 0 0 0 0 0 0 0 0 0 0 0 0 0 0 0 0 0 0 0 0 0 0 85 255 255 255 255 255 255 250 83 83 83 83 83 83 148 250 255 255 255 255 255 255 255 255 255 250 255 255 255 255 250 250 255 255 255 255 255 250 250 192 192 247 246 247 246 192 192 192 247 247 247 192 192 192 192 192 192 192 192 192 192 247 246 246 247 192 193 192 246 247 250 247 247 246 247 246 247 192 192 192 145 146 192 192 192 192 192 247 192 247 247 246 192 81 0 0 0 0 0 0 0 0 0 0 0 0 0 0 67 82 81 82 67 82 151 151 151 81 82 67 0 0 0 0 0
"37" 0 0 0 0 0 0 0 0 0 0 0 0 0 0 0 0 0 0 0 0 0 0 0 0 0 170 255 255 255 255 255 255 255 250 83 83 83 83 83 148 250 255 255 255 255 255 255 255 255 255 255 255 255 250 255 250 255 255 255 255 255 255 250 250 192 246 247 247 247 192 192 193 192 192 246 246 247 193 192 192 192 192 192 193 192 192 192 247 247 247 247 247 247 247 246 250 247 247 247 192 192 192 192 192 192 192 192 192 192 193 192 192 193 192 193 192 192 192 113 0 0 0 0 0 0 0 0 0 0 0 0 0 0 0 0 67 82 68 67 82 151 82 68 67 67 0 0 0 0 0
"38" 0 0 0 0 0 0 0 0 0 0 0 0 0 0 0 0 0 0 0 0 0 0 0 0 0 255 255 255 255 255 255 255 255 255 250 83 82 83 113 250 255 255 255 255 255 255 255 255 255 255 255 255 255 255 255 255 255 255 255 255 255 250 250 193 247 247 247 246 192 192 192 192 193 192 192 192 192 192 193 192 192 192 192 192 192 247 193 193 247 246 246 247 247 246 247 247 247 247 192 146 146 146 146 192 192 192 193 192 192 192 192 193 192 247 247 193 246 192 113 42 85 192 114 0 0 0 0 0 0 0 0 0 0 0 0 0 0 68 82 82 82 68 0 0 67 68 0 0 0 0
"39" 0 0 0 0 0 0 0 0 0 0 0 0 0 0 0 0 0 0 0 0 0 0 0 0 85 255 255 255 255 255 255 255 255 255 170 85 41 42 113 250 255 255 255 255 255 255 255 255 255 255 255 255 250 255 255 255 255 255 255 255 255 250 250 193 192 192 193 247 192 193 193 192 192 192 192 193 193 192 192 192 193 192 192 193 192 192 192 192 192 247 247 247 247 246 247 192 192 146 146 125 145 146 192 192 192 192 192 192 192 193 192 192 193 193 247 247 247 193 250 250 255 255 255 82 0 0 0 0 0 0 0 0 0 0 0 0 0 0 82 67 0 0 0 0 67 68 0 0 67 68
"40" 0 0 0 0 0 0 0 0 0 0 0 0 0 0 0 0 0 0 0 0 0 0 0 0 85 255 255 255 255 255 255 255 255 255 192 68 0 0 41 170 255 255 255 255 255 255 255 255 255 255 255 255 255 255 255 255 255 255 255 255 255 250 250 247 192 192 193 246 192 192 193 192 192 192 192 192 192 192 192 192 192 193 192 192 192 192 192 193 192 247 247 247 246 246 192 192 146 146 146 146 145 146 192 192 192 192 192 192 193 193 146 146 192 193 246 247 246 250 255 255 255 255 255 41 0 0 0 0 0 0 0 0 0 0 0 0 0 0 0 0 0 0 67 82 82 85 68 67 82 151
"41" 0 0 0 0 0 0 0 0 0 0 0 0 0 0 0 0 0 0 0 0 0 0 0 0 170 255 255 255 255 255 255 255 255 255 85 42 0 0 0 85 250 250 255 255 255 255 255 255 255 255 255 255 255 255 255 255 255 255 255 255 250 250 193 193 193 192 192 250 192 192 192 193 192 192 193 193 192 193 192 192 192 192 192 192 193 192 192 192 192 192 247 247 192 192 192 146 146 146 146 146 192 192 192 192 192 192 192 193 192 193 193 192 192 193 192 247 250 255 255 255 255 255 250 41 42 0 0 0 0 0 0 0 0 0 0 0 0 0 0 0 0 68 151 150 150 170 85 151 193 246
"42" 0 0 0 0 0 0 0 0 0 0 0 0 0 0 0 0 0 0 0 0 0 0 0 0 170 255 255 255 255 255 255 255 255 255 114 85 0 0 0 85 170 255 255 255 255 255 255 255 255 255 255 255 255 255 255 255 255 255 255 255 250 250 192 192 192 193 193 192 192 192 192 193 193 192 246 247 247 193 193 193 193 192 192 193 192 192 192 192 192 192 192 193 192 192 192 146 146 146 146 148 193 193 192 192 192 192 192 192 192 192 192 192 192 192 192 246 250 255 255 255 255 250 250 250 250 192 192 114 82 0 0 0 0 0 0 0 0 0 42 0 0 85 150 151 150 170 192 192 250 250
"43" 0 0 0 0 0 0 0 0 0 0 0 0 0 0 0 0 0 0 0 0 0 0 0 0 250 255 255 255 255 255 255 255 255 255 170 85 0 0 42 85 170 255 255 255 255 255 255 255 255 255 255 255 255 255 255 255 255 255 255 255 250 250 193 192 192 192 192 192 193 192 192 192 192 247 247 247 247 247 192 192 192 193 192 192 193 192 192 192 192 192 146 146 146 146 146 146 146 146 146 192 193 192 193 193 192 192 193 192 192 192 192 193 192 193 193 250 250 250 250 250 251 250 250 250 255 250 250 250 192 41 0 0 0 0 0 0 0 0 82 41 0 85 170 151 151 170 170 250 250 250
"44" 0 0 0 0 0 0 0 0 0 0 0 0 0 0 0 0 0 0 0 0 0 0 0 0 250 255 255 255 255 255 255 255 255 255 170 85 0 0 85 113 250 255 255 255 255 255 255 255 255 255 255 255 255 255 255 255 255 255 255 255 250 250 192 193 193 192 193 192 193 192 192 192 192 247 247 247 246 247 247 192 192 192 192 192 193 193 193 193 192 146 146 146 146 146 146 146 146 146 146 146 192 146 146 192 193 193 192 193 192 193 192 192 193 192 250 250 250 250 250 250 250 250 255 250 250 192 250 192 41 41 0 0 41 81 0 0 0 0 68 82 0 81 151 151 150 150 192 246 250 246
"45" 0 0 0 0 0 0 0 0 0 0 0 0 0 0 0 0 0 0 0 0 0 0 0 0 250 255 255 255 255 255 255 255 255 255 170 85 85 0 41 114 170 255 255 255 255 255 255 255 255 255 255 255 255 255 255 255 255 255 255 255 250 250 192 192 192 192 193 192 192 192 192 192 246 246 247 247 247 247 246 193 192 246 246 192 192 192 192 146 146 146 146 146 146 145 124 146 146 145 146 146 146 146 146 192 192 192 192 192 192 192 192 192 192 192 250 250 250 250 250 250 250 255 255 255 250 250 250 250 192 42 82 192 146 81 82 67 0 0 67 82 68 0 82 150 150 151 151 192 193 151
"46" 0 0 0 0 0 0 0 0 0 0 0 0 0 0 0 0 0 0 0 0 0 0 0 0 250 250 255 255 255 255 255 255 255 255 170 85 85 0 0 41 85 170 255 255 255 255 255 255 255 255 255 255 255 255 255 255 255 255 255 255 250 250 192 192 193 193 193 192 193 192 192 192 247 247 247 247 247 247 192 192 192 247 193 193 192 148 146 146 146 146 146 192 192 146 146 146 146 146 146 146 146 145 192 192 192 193 192 192 193 193 192 192 192 192 250 250 250 255 255 255 255 255 255 255 250 250 250 247 247 192 193 192 192 193 193 192 82 0 68 81 82 68 68 82 81 82 81 82 82 81
"47" 0 0 0 0 0 0 0 0 0 0 0 0 0 0 0 0 0 0 0 0 0 0 0 0 250 250 255 255 255 255 255 255 255 170 85 0 0 0 0 0 0 85 255 255 255 255 255 255 255 255 255 255 255 255 255 255 255 255 255 255 250 250 250 192 192 192 192 192 193 192 192 193 192 247 247 246 246 193 192 192 192 192 192 192 192 146 146 148 148 192 192 192 192 192 146 146 145 146 146 146 146 192 192 193 192 193 148 148 193 192 192 193 193 250 250 255 250 250 255 255 250 250 250 250 251 250 247 247 192 148 192 192 192 246 250 250 193 82 82 82 82 82 82 82 82 81 82 81 68 67
"48" 0 0 0 0 0 0 0 0 0 0 0 0 0 0 0 0 0 0 0 0 0 0 0 0 250 250 250 255 255 255 255 255 250 85 42 85 0 0 0 0 0 85 255 255 255 255 255 255 255 255 255 255 255 255 255 255 255 255 255 255 255 250 250 250 192 250 192 192 193 193 192 192 192 193 246 247 192 192 193 146 192 192 192 192 192 148 148 148 192 192 192 192 192 192 146 146 146 145 146 146 192 192 193 192 193 148 146 148 192 192 146 192 192 250 250 255 255 255 255 255 250 250 250 250 250 251 247 193 146 146 192 192 247 250 250 251 250 193 192 82 81 82 82 82 82 82 81 68 67 81
"49" 0 0 0 0 0 0 0 0 0 0 0 0 0 0 0 0 0 0 0 0 0 0 0 0 170 255 250 250 250 255 255 250 170 85 85 42 0 0 0 0 0 0 170 255 255 255 255 255 255 255 255 255 255 255 255 255 255 255 255 255 255 255 250 250 250 250 193 192 192 192 192 192 193 192 193 192 192 192 146 146 192 192 192 193 193 192 148 148 193 192 193 192 192 192 192 146 146 146 148 192 192 193 192 192 148 146 146 148 148 148 148 192 250 250 255 255 255 255 255 255 250 250 192 192 247 192 192 124 125 146 192 246 192 250 250 250 250 250 250 192 81 82 82 151 82 81 82 67 67 82
"50" 0 0 0 0 0 0 0 0 0 0 0 0 0 0 0 0 0 0 0 0 0 0 0 0 85 255 251 250 250 250 250 250 170 85 42 0 0 0 0 0 0 0 85 255 255 255 255 255 255 255 255 255 255 255 255 255 255 255 255 255 255 255 250 250 250 250 192 192 192 192 192 192 193 192 193 192 192 148 146 146 146 192 192 192 193 192 192 193 192 193 192 192 192 192 192 146 146 146 148 193 192 193 193 146 145 148 146 146 148 148 148 192 250 250 255 255 255 255 255 255 250 192 192 193 192 192 146 124 146 148 192 193 192 250 250 255 250 250 192 193 82 82 82 81 82 82 82 67 82 82
"51" 0 0 0 0 0 0 0 0 0 0 0 0 0 0 0 0 0 0 0 0 0 0 0 0 42 250 250 250 250 250 250 170 113 42 146 146 83 42 41 0 0 0 85 255 255 255 255 255 255 255 255 255 255 255 255 255 255 255 255 255 255 255 250 250 250 192 193 192 193 192 193 192 192 192 145 145 146 146 146 146 145 148 193 192 192 192 192 192 193 192 193 192 192 192 192 146 146 148 148 148 193 192 148 146 146 148 148 148 148 148 148 192 148 250 250 255 255 255 255 255 250 192 148 193 192 146 125 125 146 192 192 148 192 250 250 250 250 255 192 113 193 81 0 67 67 67 0 68 82 81
"52" 0 0 0 0 0 0 0 0 0 0 0 0 0 0 0 0 0 0 0 0 0 0 0 0 0 170 250 250 250 250 250 170 170 41 41 146 146 146 114 85 42 41 85 255 255 255 255 255 255 255 255 255 255 255 255 255 255 255 255 255 255 255 250 250 246 192 192 192 193 193 192 192 192 192 146 146 146 146 146 146 146 146 146 145 146 192 192 148 192 192 193 192 192 192 193 146 148 148 148 148 193 193 148 146 146 148 148 148 192 148 146 145 148 148 193 250 255 255 255 255 255 250 192 192 192 145 125 124 146 192 148 148 148 250 250 250 250 250 250 146 114 113 0 0 67 0 0 67 82 82
"53" 0 0 0 0 0 0 0 0 0 0 0 0 0 0 0 0 0 0 0 0 0 0 0 0 0 85 250 250 250 250 170 170 170 42 41 124 125 83 83 41 0 85 170 170 255 255 255 255 255 255 255 255 255 255 255 255 250 250 255 255 255 250 250 250 193 192 192 192 192 192 192 193 192 146 146 146 146 146 146 146 145 146 146 146 146 148 145 146 146 193 193 192 192 193 146 146 146 148 192 193 193 192 146 146 148 148 148 148 192 148 147 146 125 146 148 250 255 255 255 255 255 255 250 250 193 148 146 125 148 148 146 146 146 192 247 250 250 250 250 250 114 192 81 68 81 68 82 82 81 82
"54" 0 0 0 0 0 0 0 0 0 0 0 0 0 0 0 0 0 0 0 0 0 0 0 0 0 0 170 250 250 250 170 170 85 42 83 146 83 42 42 85 85 85 85 85 85 170 255 255 255 255 255 255 255 255 255 255 255 255 255 255 250 250 250 192 193 192 192 192 192 192 148 148 148 146 146 146 146 145 146 146 148 146 146 146 146 146 146 146 146 192 192 192 192 146 124 124 146 148 148 193 148 146 125 146 148 193 193 193 192 193 148 148 125 146 148 250 250 255 255 255 255 255 255 250 147 148 146 125 148 148 148 145 148 193 192 192 193 250 192 250 250 192 192 82 82 82 82 82 150 82
"55" 0 0 0 0 0 0 0 0 0 0 0 0 0 0 0 0 0 41 41 0 0 0 0 0 0 0 85 250 251 250 170 170 85 41 83 146 42 85 85 85 85 85 85 85 85 0 85 170 255 255 255 255 255 255 255 255 255 255 255 255 250 250 193 192 193 192 192 192 193 193 145 146 146 146 146 147 148 147 146 146 146 146 146 146 148 148 146 146 192 192 192 192 193 146 125 124 124 146 146 192 146 124 124 146 148 148 148 113 148 148 148 148 125 146 148 192 250 250 250 250 255 255 255 250 148 148 146 125 148 148 148 148 148 148 193 192 192 192 250 192 250 250 192 82 82 150 81 82 82 82
"56" 0 0 0 0 0 0 0 0 0 0 0 0 0 0 0 0 0 85 85 0 0 0 0 0 0 0 0 170 250 250 250 113 114 42 114 85 85 85 85 85 85 85 85 85 85 85 42 41 42 170 255 255 255 255 255 255 255 255 250 250 250 192 193 192 192 192 192 192 193 192 146 146 146 146 146 146 148 148 148 146 146 146 146 146 148 146 146 145 193 192 192 148 146 124 125 124 124 146 146 146 146 146 146 148 148 114 113 170 250 250 250 148 148 148 148 192 250 250 250 250 255 255 255 250 250 147 148 124 125 148 147 148 146 148 192 193 193 192 250 250 250 250 250 193 82 82 67 67 81 82
"57" 0 0 0 0 0 0 0 0 0 0 0 0 0 0 0 0 0 0 41 0 0 0 0 0 0 0 0 85 170 170 193 113 113 42 114 85 85 85 85 85 41 85 85 41 42 41 42 42 42 0 41 170 255 255 255 250 250 250 250 250 192 192 192 193 192 192 192 192 192 193 147 146 146 146 146 146 148 148 148 146 146 146 146 146 146 146 146 148 192 193 148 146 125 125 124 125 125 124 146 146 146 146 146 148 192 192 192 170 250 250 250 193 148 148 148 192 193 250 250 250 255 255 255 255 251 192 146 125 148 148 148 146 146 148 193 193 193 193 250 250 192 250 250 250 82 0 0 0 67 67
"58" 0 0 0 0 0 0 0 0 0 0 0 0 0 0 0 0 0 0 0 41 0 0 0 0 0 0 0 85 85 114 113 114 125 85 170 170 85 85 85 85 42 85 41 0 41 41 42 41 42 41 42 0 41 170 250 250 250 250 250 192 192 192 192 192 192 193 193 192 192 193 148 146 145 146 146 148 148 147 148 146 146 145 125 125 125 146 146 146 148 148 146 125 125 124 125 125 125 124 146 146 146 148 148 147 192 113 250 250 250 250 250 193 148 148 148 193 192 192 246 251 250 255 255 255 255 250 192 124 148 148 146 125 146 148 193 148 147 148 192 250 250 146 148 250 192 68 0 0 0 0
"59" 0 0 0 0 0 0 0 0 0 0 0 0 0 0 0 0 0 0 0 82 0 0 0 0 0 0 0 85 85 85 82 146 146 114 170 114 85 85 0 0 0 42 41 42 41 41 41 41 42 41 41 0 0 41 113 170 250 250 148 192 148 148 148 148 148 148 192 192 192 148 148 145 146 146 146 146 146 148 146 146 148 146 125 125 124 124 146 146 145 146 145 124 125 83 83 83 83 83 83 146 146 148 192 250 192 114 148 250 250 250 250 250 192 148 148 192 192 192 192 192 251 255 255 255 255 250 250 192 146 146 148 148 148 148 148 148 148 192 192 113 250 193 125 250 250 192 41 0 0 0
"60" 0 0 0 0 0 0 0 0 0 0 0 0 0 0 0 0 0 0 0 0 0 0 0 0 0 0 0 82 81 82 146 146 148 148 114 85 42 0 0 0 0 0 42 0 0 0 0 42 41 41 0 0 0 0 41 85 114 113 148 192 148 146 148 148 146 146 148 192 193 148 148 148 146 146 146 146 146 148 146 146 146 146 125 124 124 124 124 124 125 146 146 146 125 83 41 42 42 41 83 146 148 148 250 250 251 250 250 250 250 250 250 250 192 192 192 192 192 192 192 192 250 250 250 255 250 250 193 192 148 146 146 148 148 148 148 148 146 192 250 250 192 148 148 148 192 192 146 0 0 0
"61" 0 0 0 0 0 0 0 0 0 0 0 0 0 0 0 0 0 0 0 0 0 0 0 0 0 0 0 146 192 192 192 148 148 148 147 148 148 83 83 41 0 0 42 0 0 0 0 0 0 0 0 0 0 0 0 41 41 113 148 148 148 146 148 148 146 146 148 192 193 148 148 148 146 125 146 146 146 146 146 146 146 125 125 125 124 124 125 125 124 124 146 146 83 42 42 42 42 41 146 113 113 193 250 250 250 193 192 192 192 192 193 192 193 193 148 148 193 192 192 193 247 250 250 250 250 192 193 193 192 146 148 148 124 148 250 193 192 192 250 250 250 82 250 250 192 146 193 81 0 41
"62" 0 0 0 0 0 0 67 67 0 0 0 0 0 0 0 0 0 0 0 0 0 41 41 0 0 0 81 250 250 193 192 148 148 148 146 148 146 114 148 146 85 42 42 0 0 0 0 0 0 0 0 0 0 0 0 42 41 148 148 148 146 145 148 148 146 146 148 148 192 148 148 146 124 125 146 124 125 125 125 125 146 146 124 125 124 124 125 124 125 125 146 146 146 83 41 42 42 83 146 114 113 192 192 192 193 192 148 192 193 192 192 192 192 193 148 148 148 192 192 192 193 192 250 251 250 193 192 192 192 148 148 125 125 148 250 250 250 192 192 192 251 192 114 192 250 146 147 192 42 42
"63" 0 68 82 85 151 151 150 151 82 67 0 0 0 0 0 0 0 0 0 0 0 42 41 0 41 113 250 246 193 192 192 192 148 146 146 146 83 83 83 125 113 41 41 0 0 0 0 0 0 0 0 0 0 0 0 41 83 148 148 148 146 146 148 148 148 146 148 148 148 148 146 145 125 124 125 125 125 125 124 125 145 146 124 124 125 124 124 124 124 125 146 148 146 83 83 83 83 146 148 148 148 192 192 193 192 146 146 147 147 192 192 192 192 192 192 148 148 148 148 192 192 192 192 193 250 192 192 148 148 148 124 124 124 148 250 250 148 148 148 148 192 192 146 193 193 148 145 192 146 42
"64" 151 192 170 170 170 192 151 151 150 151 81 0 0 0 0 0 0 0 0 0 0 42 41 146 250 250 192 192 193 192 192 148 148 146 146 83 83 83 125 124 83 42 41 41 41 41 41 42 41 41 41 41 41 42 42 83 146 148 148 146 125 125 148 148 148 146 148 148 148 146 146 124 124 125 125 125 124 124 125 146 148 148 124 125 124 125 124 124 124 146 146 146 146 83 83 83 83 148 148 148 146 148 192 192 192 146 146 146 146 146 148 148 192 148 148 146 146 146 146 146 146 192 192 193 192 193 148 146 148 148 125 125 124 148 148 148 192 192 148 148 192 193 148 193 192 146 146 192 146 146
"65" 250 250 250 250 251 250 192 151 150 250 193 68 0 0 0 0 0 0 0 0 0 0 82 250 250 250 250 193 192 192 148 148 192 192 148 146 83 83 125 124 148 148 114 146 41 41 41 41 42 42 83 83 83 83 83 83 148 148 148 148 83 83 148 148 146 148 145 146 148 146 146 125 124 125 124 125 125 124 125 124 146 146 125 124 125 124 125 124 146 146 146 146 124 83 83 83 145 146 148 148 146 146 192 192 192 148 146 146 146 146 146 148 148 147 146 125 145 146 146 145 145 148 193 193 192 192 146 146 148 148 125 125 125 124 148 148 148 193 193 192 192 192 193 192 250 83 148 192 193 145
"66" 250 250 250 250 250 246 150 151 192 246 192 82 0 0 0 0 0 0 0 0 0 82 250 250 250 250 251 193 192 192 193 148 148 148 148 148 148 146 124 145 148 148 148 148 146 83 42 41 83 83 83 83 83 83 125 124 148 148 148 146 83 124 148 148 147 148 146 146 148 148 148 125 125 125 125 146 146 124 125 83 125 124 125 146 146 124 124 125 146 146 146 124 125 125 125 125 145 146 148 148 148 125 146 148 148 148 146 146 146 146 146 146 148 148 146 125 146 146 146 146 148 148 148 148 193 192 146 146 148 146 124 125 125 146 146 148 148 148 193 148 192 193 193 192 250 124 148 192 193 192
"67" 247 247 247 192 151 150 150 151 193 193 192 82 0 0 0 0 0 0 0 0 113 251 250 250 250 250 246 192 192 192 193 148 146 147 148 148 148 148 148 124 146 148 148 148 83 42 42 83 82 83 83 83 83 83 83 124 148 148 148 146 41 83 148 148 148 148 146 146 148 148 148 124 124 125 125 146 148 146 125 83 83 124 124 146 146 145 124 125 146 145 146 125 125 124 125 124 146 146 148 147 148 146 125 146 148 146 146 146 146 146 146 146 146 146 146 124 146 145 146 146 148 146 148 148 148 192 148 148 148 146 83 83 124 146 148 148 148 148 148 148 148 192 192 192 193 145 148 192 192 247
"68" 82 81 82 82 82 150 151 193 192 193 85 0 0 0 0 0 0 0 0 192 250 250 250 250 250 250 192 250 250 192 148 148 148 146 125 146 148 146 148 148 146 148 148 148 124 42 41 83 83 83 83 83 83 42 42 124 148 148 114 42 0 41 124 146 148 147 146 146 148 148 148 83 83 124 125 146 148 125 125 83 83 83 125 146 146 146 124 125 125 146 124 124 125 124 125 124 146 146 146 146 148 146 124 124 146 146 124 124 146 146 146 146 146 124 124 125 146 146 146 145 146 146 146 146 148 192 148 148 148 148 83 83 124 148 148 148 148 124 148 148 148 148 146 193 192 146 146 193 192 246
"69" 82 82 82 82 81 150 151 151 150 82 0 0 0 0 0 0 0 0 81 250 250 192 192 148 148 192 192 250 250 148 148 148 148 148 124 83 148 148 148 148 148 146 148 148 148 113 83 83 41 42 83 83 42 42 41 83 83 83 42 41 0 42 83 124 148 148 146 148 148 146 83 83 83 125 125 124 124 83 124 83 83 83 83 146 148 146 125 124 125 146 125 124 124 125 125 124 146 146 145 145 148 148 124 124 125 125 125 124 125 125 125 125 124 125 125 124 146 145 146 146 146 146 145 146 148 148 148 192 148 148 125 83 125 125 146 148 148 146 148 192 193 148 147 192 192 146 146 192 246 250
"70" 81 82 82 81 82 67 68 67 0 0 0 0 0 0 0 0 0 0 250 250 250 250 193 192 192 193 250 250 192 146 146 148 148 148 148 83 124 148 148 148 148 146 146 148 148 148 148 83 83 42 83 83 41 41 42 42 42 41 42 42 0 42 83 83 146 124 125 146 125 124 83 83 83 83 125 146 125 83 125 125 83 83 83 125 146 148 125 125 146 124 124 124 125 125 125 125 146 146 146 146 146 146 125 124 124 124 124 124 125 125 124 125 124 125 125 125 146 146 145 146 146 146 146 148 148 148 148 148 192 148 148 124 125 124 146 148 148 147 146 148 193 148 148 192 193 146 146 42 193 250
"71" 82 82 81 82 81 67 0 0 0 0 0 0 0 0 0 0 0 113 250 251 250 250 250 250 250 250 250 192 148 146 146 146 146 148 148 124 83 41 113 148 148 148 83 83 114 148 148 148 83 83 83 83 42 42 42 41 42 41 41 42 42 42 42 83 83 125 124 124 83 125 124 83 83 83 124 146 125 83 83 124 83 83 83 83 125 148 125 125 125 83 83 83 83 125 125 125 124 146 146 146 146 145 125 83 124 125 124 125 124 124 124 125 124 125 124 124 124 145 146 146 146 146 148 148 148 148 148 148 148 192 147 148 124 125 146 146 148 148 146 146 124 146 147 148 192 114 113 0 0 41
"72" 82 81 82 151 193 151 0 0 0 0 0 0 0 0 0 0 41 250 250 250 148 145 192 192 192 250 192 192 148 146 146 124 124 146 148 124 83 42 83 148 148 148 148 83 83 83 113 148 83 83 83 83 41 42 42 41 41 42 41 41 41 41 0 42 83 124 125 83 83 146 124 83 83 83 83 83 83 82 83 83 83 83 83 83 83 125 124 83 83 83 83 83 83 83 125 124 125 124 125 125 125 124 83 83 83 83 124 83 83 124 124 124 125 124 125 124 125 145 146 145 146 146 148 148 148 148 148 148 148 148 148 148 147 124 124 148 148 148 146 146 146 146 148 148 148 113 192 82 0 0
"73" 81 82 192 192 192 150 0 0 0 0 0 0 0 0 0 0 192 250 148 83 83 148 250 113 250 251 192 148 147 146 125 125 124 148 148 148 83 41 42 85 148 148 148 113 41 42 41 83 83 83 83 83 83 42 42 41 42 83 42 42 41 42 0 42 146 125 125 83 83 146 83 83 83 83 83 83 83 83 83 83 83 83 83 83 83 83 83 83 83 83 83 83 83 83 83 83 83 83 83 83 83 83 83 83 125 83 125 125 124 125 125 124 125 125 124 125 146 146 146 146 146 146 146 146 146 148 148 148 148 146 148 148 148 125 125 125 83 113 146 148 146 145 148 148 148 192 250 150 0 0
"74" 82 150 151 85 82 82 0 0 0 0 0 0 0 0 0 42 250 148 83 83 148 148 148 124 250 148 146 148 148 148 83 83 145 148 148 148 148 42 41 42 83 148 148 113 42 42 41 41 42 83 83 82 41 41 41 42 41 83 42 41 41 41 0 41 83 83 83 83 83 83 83 83 83 83 83 83 83 83 83 41 83 83 83 83 83 83 83 83 83 83 83 83 83 83 83 83 83 83 83 83 83 83 83 83 124 124 124 125 124 125 146 125 125 124 146 146 146 146 146 146 146 146 146 146 146 147 148 148 148 146 146 148 148 146 125 83 83 83 148 148 146 146 146 146 148 192 250 170 0 0
"75" 0 0 0 0 0 0 0 0 0 0 0 0 0 0 0 113 148 148 192 250 148 148 125 148 148 148 125 124 148 148 146 83 124 148 193 148 148 83 42 42 41 83 113 113 41 0 42 42 42 42 83 83 41 41 42 42 42 83 41 42 41 41 0 41 42 83 83 83 83 83 83 83 83 83 83 83 83 83 41 42 83 83 83 83 83 83 83 83 82 83 83 83 83 83 83 83 83 83 83 83 83 83 83 124 125 124 146 146 146 146 146 146 146 125 146 146 146 146 146 146 146 146 146 146 146 146 148 148 148 146 124 146 148 148 124 83 114 114 148 148 146 146 146 146 192 148 250 251 68 0
"76" 0 0 0 0 0 82 68 0 0 0 0 0 0 0 41 148 193 250 250 250 148 124 124 148 148 148 125 83 83 146 113 41 83 146 192 124 148 124 83 83 41 42 0 0 0 0 41 41 41 41 41 41 42 41 42 41 41 83 83 83 41 42 41 42 83 83 83 83 41 83 83 83 83 83 83 83 42 41 41 42 41 83 83 83 83 83 83 83 83 83 83 83 83 83 83 83 83 83 83 83 83 83 125 125 125 146 145 146 146 146 146 146 146 124 146 146 146 146 146 146 146 146 146 146 146 146 148 146 146 146 125 124 146 148 146 41 146 148 148 192 146 146 146 146 193 193 192 250 81 0
"77" 0 0 0 67 85 151 86 67 68 0 0 0 0 0 114 250 250 250 250 192 124 125 148 148 147 148 146 83 83 83 146 42 83 83 146 83 148 124 83 83 42 41 0 0 0 0 41 41 41 41 42 41 41 41 42 42 42 83 83 83 83 41 42 41 83 83 83 83 83 41 42 83 83 83 83 42 42 41 42 41 41 42 83 83 83 83 83 83 83 83 83 83 83 83 83 83 83 83 83 83 125 124 125 125 146 146 146 145 146 146 146 146 146 125 146 146 146 146 146 146 146 146 146 146 146 146 146 146 146 145 146 125 125 148 146 42 82 114 145 192 114 42 146 192 192 193 193 250 82 0
"78" 85 150 170 170 170 251 170 150 151 67 0 0 0 83 250 250 250 250 250 83 41 83 148 192 192 148 148 148 148 146 83 83 83 83 83 83 125 148 124 124 146 41 0 41 41 42 41 42 42 41 41 83 42 42 41 83 83 83 83 83 83 83 83 41 83 83 83 83 83 41 42 42 42 42 42 42 42 41 41 41 42 41 83 83 83 83 83 83 83 83 83 83 83 83 83 83 83 83 125 125 125 124 124 124 125 146 146 146 146 146 146 146 146 124 125 146 146 146 146 146 146 146 146 145 145 146 146 146 146 146 146 146 124 146 125 83 83 146 146 148 113 42 113 192 192 250 114 255 82 0
"79" 250 250 250 250 250 250 250 250 250 151 82 0 0 113 250 250 250 250 83 42 83 148 148 250 192 148 148 193 192 148 146 148 146 146 148 83 83 124 124 83 146 41 41 42 83 0 0 42 83 83 83 83 83 83 83 83 83 41 83 83 41 42 42 41 41 83 83 83 83 83 42 41 42 41 41 83 83 83 83 83 41 42 83 83 83 83 83 82 83 83 83 83 83 83 83 83 125 125 124 125 125 124 124 125 125 124 146 146 146 146 146 146 146 124 124 146 146 146 146 146 146 146 146 146 146 145 146 146 146 146 146 146 146 146 125 125 83 83 83 148 170 151 150 192 192 170 170 250 85 0
"80" 151 151 150 192 170 250 250 250 250 170 85 0 82 250 250 250 192 83 42 41 148 148 192 192 148 148 148 193 193 148 148 148 147 148 148 83 83 83 83 83 41 83 83 83 83 0 41 41 83 83 83 83 83 83 83 83 83 41 83 83 42 42 41 41 41 42 83 83 83 83 41 42 83 42 41 83 83 83 83 83 42 41 83 83 83 83 83 83 83 83 83 83 83 125 125 124 124 146 145 146 146 125 125 124 125 125 124 146 146 146 146 145 146 125 125 146 146 146 146 146 145 146 146 146 124 125 146 146 146 146 146 146 146 124 146 125 83 83 83 146 150 170 151 114 146 150 151 170 85 0
"81" 82 82 82 82 82 82 151 150 150 151 82 67 151 250 192 148 125 83 42 146 148 148 192 146 146 148 148 148 148 148 148 148 148 146 146 83 83 83 83 83 83 83 83 83 42 41 41 83 83 83 83 83 83 83 83 83 83 83 42 41 41 41 42 41 41 42 83 83 83 41 41 42 83 83 83 41 83 83 83 83 83 83 83 83 83 83 83 83 83 83 83 83 125 125 124 124 125 124 125 125 146 146 146 146 124 125 146 146 146 146 145 146 125 124 125 146 146 146 146 146 146 146 146 146 124 125 146 146 125 146 145 146 146 146 146 124 83 124 145 42 151 150 170 151 150 151 151 170 85 0
"82" 82 82 81 82 81 82 82 150 151 82 68 68 81 146 114 146 83 83 83 148 148 148 148 148 146 146 148 146 148 192 148 148 146 124 124 41 83 83 83 83 125 83 83 42 41 42 42 83 83 83 83 83 83 83 83 83 83 83 41 41 42 41 41 41 42 41 83 83 83 83 41 83 83 83 83 42 83 83 83 83 83 83 83 83 83 83 83 83 83 83 83 83 124 125 124 124 125 124 125 125 125 146 146 146 146 146 124 145 146 146 145 146 146 124 124 125 146 146 146 146 146 146 146 146 146 125 124 125 125 146 146 146 145 146 146 124 83 124 114 41 150 151 170 170 150 151 150 170 85 0
"83" 82 82 82 82 82 81 81 82 82 82 67 68 68 146 148 146 83 83 148 148 148 148 148 148 148 146 146 124 148 192 148 148 125 125 124 42 83 83 125 146 124 83 83 83 42 41 41 83 83 83 83 83 83 83 83 83 83 83 83 41 42 41 41 42 42 42 83 83 83 83 41 83 83 83 83 42 83 83 83 83 83 83 83 83 83 83 83 83 83 83 83 83 125 124 124 125 124 125 125 124 124 124 146 146 146 124 124 125 146 146 124 124 124 125 124 124 125 146 146 146 146 146 146 146 146 125 124 124 124 124 146 146 145 145 146 83 83 83 83 41 85 151 170 170 170 150 170 170 0 0
"84" 151 151 85 68 67 0 0 0 0 68 67 82 82 146 148 146 83 148 148 148 148 148 148 148 148 148 148 125 146 148 148 146 146 125 83 42 83 83 146 146 146 124 83 83 83 42 42 83 83 83 83 83 83 83 83 83 83 83 41 42 41 42 42 41 42 42 83 83 83 83 83 83 83 83 42 42 83 83 83 83 83 83 83 83 83 83 83 83 83 83 83 83 125 124 124 125 125 124 124 125 125 125 124 125 125 124 125 125 125 125 124 124 124 124 125 125 124 145 146 146 146 146 146 146 146 146 124 124 125 125 146 146 145 146 125 83 41 83 41 41 0 151 150 170 170 151 170 170 0 0
"85" 250 250 170 85 0 0 0 0 0 0 67 67 82 148 148 114 146 148 148 148 148 148 148 148 148 148 148 146 125 148 148 146 125 146 83 41 42 83 83 146 148 146 125 83 83 83 83 83 83 83 83 83 83 83 83 83 83 42 42 41 41 42 42 42 42 42 83 83 83 41 83 83 83 83 42 41 83 83 83 83 83 83 83 83 83 83 83 83 83 83 83 83 125 125 125 124 125 124 124 125 125 125 125 125 125 124 124 124 125 146 125 125 124 125 124 125 124 146 146 146 146 146 146 146 148 146 124 83 83 125 125 145 124 125 124 83 41 83 42 82 85 150 150 170 170 150 151 170 85 0
"86" 247 250 250 151 0 0 0 0 0 0 0 42 145 193 148 146 148 148 192 192 192 192 148 146 146 148 148 125 125 145 148 146 125 146 125 83 42 83 83 83 146 148 146 124 83 83 83 83 42 83 83 83 83 41 42 83 83 41 42 42 42 41 41 42 41 42 83 83 83 41 83 83 125 83 42 41 83 83 83 83 83 82 83 83 83 83 83 83 83 83 83 83 124 125 124 125 124 125 125 125 125 124 125 124 125 124 125 146 146 146 146 125 124 124 124 124 146 146 146 146 146 146 146 146 146 146 124 125 83 124 125 125 124 83 83 42 42 83 83 83 85 151 151 150 170 151 151 170 85 0
"87" 81 151 192 150 85 82 0 0 0 0 0 42 146 192 148 146 148 148 193 148 192 192 124 83 125 125 124 124 125 83 125 124 124 148 146 83 83 83 83 83 83 124 125 125 83 83 83 83 83 83 83 83 83 42 41 83 83 41 42 42 0 0 42 0 0 42 83 83 83 42 83 83 124 83 42 83 83 83 83 83 83 83 83 83 83 83 83 83 83 83 83 83 83 125 125 125 124 124 124 125 124 124 125 125 124 124 124 124 145 146 145 146 125 124 124 124 124 146 145 146 146 146 146 146 146 146 124 125 83 125 125 125 124 83 83 83 41 83 83 83 85 151 150 151 150 151 151 170 85 0
"88" 67 67 150 170 250 170 151 67 0 0 0 41 148 148 146 148 148 148 192 146 193 148 124 83 83 83 83 124 124 125 83 125 124 148 148 83 83 83 83 83 83 83 83 83 83 83 83 83 83 83 83 83 83 42 42 42 41 41 41 41 0 0 41 0 0 83 83 83 83 83 83 83 83 42 41 83 83 125 83 83 83 83 83 83 83 83 83 83 83 83 83 83 83 125 125 124 125 125 124 125 125 124 125 125 124 124 125 124 146 146 146 146 124 124 146 125 124 146 146 146 146 146 146 146 146 124 124 125 124 125 125 125 124 83 83 83 83 83 83 83 85 85 150 150 150 150 150 170 85 0
"89" 67 82 170 250 255 255 250 150 0 0 0 145 192 148 113 170 250 148 148 148 148 146 125 83 83 83 83 124 146 124 124 124 145 146 146 146 83 83 83 83 83 83 83 83 83 83 83 83 83 83 83 83 83 41 0 41 41 41 42 42 0 0 0 0 41 83 83 83 41 41 83 83 83 83 41 83 83 124 83 83 83 83 83 83 83 83 83 83 83 83 83 83 83 83 83 125 83 125 83 83 124 125 124 125 124 125 124 125 125 146 146 146 124 124 125 124 124 146 146 146 146 146 146 146 146 124 124 124 124 125 125 125 124 124 83 83 83 41 83 83 42 85 151 151 151 151 151 170 85 0
"90" 151 247 250 250 250 250 250 150 0 0 0 113 192 114 192 170 170 148 148 146 148 146 83 83 146 83 83 125 125 124 125 124 146 146 146 146 146 83 83 125 83 83 83 83 83 83 83 83 83 83 83 83 41 41 0 41 42 41 41 0 0 0 0 0 41 83 83 42 42 83 83 83 83 83 83 83 83 124 125 83 125 83 83 83 83 83 83 83 83 83 83 83 83 83 83 83 83 125 125 125 125 125 124 125 125 124 125 124 124 146 146 145 124 124 124 124 124 124 146 146 146 146 146 146 146 124 125 124 124 124 125 125 124 124 83 83 83 41 83 83 41 85 151 151 151 151 150 170 85 0
"91" 82 151 193 192 170 247 192 85 0 0 0 192 192 193 170 151 151 114 83 42 114 83 41 83 146 83 125 125 83 124 148 125 124 146 146 146 146 83 83 83 83 83 83 41 83 83 83 83 83 83 83 83 42 41 41 0 42 41 0 0 0 0 0 42 42 83 83 41 83 83 124 83 83 83 83 83 83 124 124 125 124 83 83 124 125 83 83 83 125 83 83 83 82 83 83 83 83 124 125 125 125 125 124 125 124 124 125 125 125 125 146 146 125 125 124 124 124 124 145 146 146 146 146 146 146 125 125 124 124 124 125 125 124 124 125 83 83 83 83 125 83 85 150 150 151 151 151 170 85 0
"92" 82 82 150 150 192 192 150 82 0 0 0 192 192 170 170 151 151 85 42 42 42 42 41 146 83 83 125 125 124 146 148 124 125 146 145 83 146 83 83 83 83 83 83 41 42 83 83 83 83 83 83 83 83 41 42 0 42 42 0 0 0 0 0 41 83 83 42 41 83 83 125 83 83 83 83 83 125 125 124 125 125 83 83 124 125 83 124 124 124 83 83 83 83 83 83 83 83 124 124 125 124 124 125 124 125 124 125 125 124 125 124 125 125 124 124 124 124 124 124 146 146 146 146 146 145 125 83 83 125 148 146 146 125 146 124 83 83 83 124 125 83 85 150 150 150 150 150 170 85 0
"93" 82 81 151 151 151 82 67 0 0 0 0 85 151 170 170 151 151 150 0 42 0 0 41 83 125 83 83 148 148 148 148 146 124 83 82 83 146 146 83 83 83 83 83 42 42 42 83 83 83 83 83 83 42 83 83 0 0 42 0 0 42 0 0 41 83 42 41 42 83 83 125 83 83 83 83 124 125 124 124 124 83 124 124 125 83 83 83 83 83 83 83 83 83 83 83 83 83 125 124 124 124 125 125 124 124 124 125 125 125 125 125 125 124 124 125 124 124 125 125 124 146 146 145 146 146 124 83 124 124 148 148 146 146 145 124 83 83 146 125 125 83 85 150 151 170 85 151 150 85 0
"94" 82 82 82 82 67 68 0 0 0 0 0 0 151 170 170 150 151 85 85 85 114 113 83 83 83 83 83 146 148 148 193 148 124 83 82 146 146 145 146 83 83 83 83 83 41 83 83 83 83 83 83 82 83 83 83 41 41 42 42 0 41 41 42 83 83 41 83 83 83 83 83 124 125 83 83 124 125 125 125 83 124 124 124 124 124 124 124 83 83 125 83 83 83 83 83 83 83 83 124 125 125 124 124 124 125 124 124 124 125 124 125 124 124 125 125 125 124 124 124 125 124 124 124 125 146 125 83 83 146 147 148 148 146 146 125 125 83 124 146 83 83 85 151 151 151 150 150 151 85 0
"95" 82 81 82 82 82 67 0 68 82 67 0 0 150 255 150 150 151 85 85 113 148 148 146 124 83 83 83 146 148 148 192 148 148 146 82 146 146 146 146 146 125 83 83 83 42 83 83 83 83 41 83 83 83 83 83 42 41 42 41 42 41 42 42 83 42 41 146 83 83 83 83 124 124 83 83 125 124 125 124 125 125 124 124 125 125 124 124 125 83 124 83 83 83 83 83 83 83 83 125 124 124 124 125 125 124 125 125 124 124 125 125 124 125 125 125 124 125 124 125 125 125 124 124 124 125 83 83 83 146 146 146 148 148 145 125 124 125 124 145 125 83 114 151 151 151 150 150 151 85 0
"96" 82 82 82 150 81 67 67 151 170 151 0 0 170 255 170 151 151 85 85 113 193 148 148 148 125 83 83 148 148 148 192 148 146 146 81 146 146 146 146 146 145 83 146 83 41 83 83 83 83 83 83 83 83 83 83 41 41 41 41 42 41 41 83 83 41 83 83 83 83 83 124 125 124 83 83 125 125 124 124 124 125 125 125 125 124 125 124 124 124 124 124 124 83 83 83 83 83 83 125 124 124 125 124 124 124 124 124 124 124 124 125 124 124 146 125 124 124 125 124 125 125 125 124 125 124 83 83 83 124 146 146 148 146 146 146 146 125 125 124 125 125 113 150 151 151 85 151 150 85 68
"97" 0 0 68 81 82 82 151 192 250 170 85 85 255 170 170 151 150 41 114 192 148 148 148 125 124 83 83 148 146 148 192 148 146 146 81 146 145 146 83 146 146 146 146 41 42 83 83 83 83 83 83 83 83 83 83 83 42 41 42 41 42 42 83 83 83 146 83 83 83 125 124 125 125 83 146 125 125 124 124 124 125 124 124 125 124 124 124 125 125 124 124 125 125 124 125 83 83 83 125 124 124 125 124 124 124 124 124 124 124 125 124 125 125 125 146 146 125 124 125 125 124 124 125 124 83 83 125 124 124 146 148 148 146 148 148 145 125 125 83 83 83 85 151 151 151 85 85 151 151 67
"98" 0 0 0 0 67 82 151 192 170 250 151 150 255 170 170 151 0 145 114 192 148 148 148 125 124 83 83 124 124 146 148 148 146 83 82 146 146 146 146 146 146 146 146 41 41 42 83 83 83 83 83 83 83 83 83 83 83 42 42 42 42 83 83 83 83 83 83 83 125 125 124 125 124 83 146 125 124 125 124 125 124 125 125 125 124 125 125 125 125 124 124 124 125 125 125 124 125 125 125 125 124 125 125 125 125 124 125 124 125 124 125 124 124 125 146 125 124 125 124 125 125 125 124 124 83 83 83 125 125 125 146 146 146 148 148 146 124 125 124 83 83 41 151 151 150 85 85 151 85 68
"99" 67 68 67 67 82 82 151 192 170 250 170 170 170 151 151 151 0 146 113 113 148 148 148 146 124 124 124 124 125 124 148 148 145 83 41 145 146 146 82 42 83 83 42 42 0 42 83 83 83 83 83 83 83 83 83 83 83 41 42 41 41 83 83 83 83 83 83 83 124 125 124 125 125 83 146 125 125 125 124 125 124 125 125 124 125 125 124 124 125 125 125 124 125 125 124 124 125 124 125 124 125 125 124 124 124 124 125 125 125 125 124 125 125 145 146 124 125 124 124 124 125 125 125 125 83 83 83 125 124 124 124 146 146 146 146 146 146 125 125 125 83 41 151 151 150 85 85 150 0 0
"100" 150 151 81 82 82 82 151 192 170 250 255 255 170 151 151 151 85 146 146 146 146 148 145 125 148 148 125 124 83 83 146 148 146 146 42 42 81 82 42 42 41 41 42 0 0 42 42 83 83 83 83 83 83 83 83 83 83 41 41 41 83 83 83 83 83 83 83 83 125 124 124 124 83 83 83 125 125 124 124 124 124 124 125 125 125 125 124 124 125 124 124 124 125 125 124 124 125 124 124 124 125 124 124 125 124 124 124 125 124 125 124 124 125 125 124 124 124 124 125 124 125 125 125 124 83 83 83 124 124 124 146 146 146 146 146 146 124 124 125 125 83 85 151 151 151 85 85 150 0 0
"101" 151 82 82 82 81 68 68 150 170 250 255 255 170 151 150 85 85 145 148 146 147 148 83 83 148 148 148 125 125 83 124 148 146 146 83 41 42 42 42 41 42 41 0 0 0 42 41 83 83 83 83 41 83 83 83 83 83 42 42 41 83 83 83 83 83 83 125 83 125 124 125 146 83 83 124 125 125 125 125 124 125 125 125 125 125 124 124 125 124 125 124 125 124 125 125 124 125 125 124 125 124 124 124 124 125 125 124 124 124 124 125 125 124 124 124 124 124 124 124 124 125 125 124 124 83 83 125 124 125 148 146 146 146 146 146 146 146 124 124 124 83 85 151 150 151 150 85 150 0 0
"102" 81 82 82 82 82 67 67 85 170 250 255 255 151 150 151 85 113 148 148 146 148 125 83 83 148 148 148 148 146 124 83 146 145 146 146 42 41 41 0 41 42 42 0 0 0 0 42 41 83 83 42 41 41 83 83 83 83 42 41 42 83 83 83 83 83 125 83 83 124 125 146 125 83 83 125 125 124 124 125 125 124 124 125 124 124 124 124 124 124 125 125 124 125 124 124 125 125 125 125 124 125 124 125 124 125 124 124 125 124 124 124 125 124 125 124 125 124 125 125 124 124 124 125 124 83 83 83 124 124 125 148 148 148 146 146 146 146 124 125 125 83 41 150 151 150 85 85 150 68 67
"103" 82 82 81 82 82 82 67 68 150 250 255 170 150 151 151 42 148 148 146 146 148 83 83 146 146 148 148 148 124 125 83 146 146 148 146 82 42 42 41 0 42 42 0 0 0 0 42 42 41 41 41 41 42 83 83 82 83 41 41 41 83 83 83 83 83 124 125 125 124 124 146 83 83 124 124 124 125 124 124 125 124 125 124 124 125 125 124 124 124 125 125 124 124 124 124 125 124 125 125 124 124 124 125 125 125 124 125 124 125 125 124 125 124 124 124 124 124 124 124 125 124 124 146 125 83 83 83 125 125 125 146 148 147 146 146 146 146 124 146 146 125 42 150 150 151 85 85 82 67 67
"104" 82 81 82 81 82 81 67 68 85 170 255 170 151 150 85 146 147 148 148 125 146 83 145 148 124 125 124 125 125 125 124 146 146 148 146 82 82 146 41 0 41 41 0 0 0 0 0 0 0 0 42 42 42 42 41 42 42 41 42 42 83 83 83 83 124 125 124 124 124 125 125 83 146 125 124 124 125 124 125 125 125 124 125 124 125 125 124 125 124 124 125 124 125 125 124 124 125 124 125 124 124 125 124 124 125 125 125 125 124 124 125 124 125 124 124 124 124 125 124 124 124 124 125 124 125 83 83 125 125 125 124 148 148 146 146 146 146 125 146 146 125 114 150 151 150 85 85 82 67 81
"105" 81 82 82 82 81 82 82 81 85 170 255 150 151 150 85 146 148 147 146 124 114 83 125 148 148 125 125 125 146 146 146 145 146 148 146 82 146 83 82 41 42 41 0 42 0 0 0 0 0 0 0 42 42 42 42 42 42 41 42 83 83 83 83 83 125 124 125 124 125 124 83 83 146 124 124 125 125 124 125 125 124 125 125 125 124 124 124 125 125 125 125 124 125 125 124 124 125 124 125 125 124 124 124 124 125 125 124 125 125 125 125 125 124 124 125 125 125 125 124 125 124 125 124 124 125 124 125 83 124 124 125 146 148 124 146 146 125 124 146 146 146 114 150 151 151 85 85 67 81 82
"106" 82 82 0 0 0 68 67 81 67 151 255 151 151 151 114 146 148 148 146 114 192 42 125 148 148 124 125 125 146 146 146 146 145 148 146 82 146 146 146 41 41 42 0 42 0 0 0 0 0 0 0 42 41 42 42 41 41 41 41 83 83 83 83 124 125 124 124 124 125 124 124 124 146 124 125 125 125 124 124 124 125 124 125 124 125 125 125 125 125 124 125 125 125 124 124 124 125 125 125 124 124 125 125 124 124 124 124 124 125 124 124 125 125 125 125 124 124 125 83 125 124 124 124 124 124 124 124 83 83 83 125 124 124 125 124 125 125 125 146 146 146 148 150 151 85 85 67 67 82 82
"107" 82 0 0 0 0 0 0 67 68 151 170 151 150 85 113 192 148 148 148 148 170 114 124 148 146 146 146 146 148 148 146 146 146 146 146 146 146 146 145 82 42 0 0 0 0 0 0 0 0 0 0 0 42 41 42 41 42 42 42 83 83 83 83 124 124 125 124 125 124 124 125 125 146 124 124 124 124 125 124 124 125 125 124 124 125 125 125 124 124 124 125 125 124 125 125 125 124 124 124 124 125 124 124 124 125 125 125 124 124 125 125 124 125 124 124 124 125 125 125 124 124 125 125 124 125 125 124 124 83 83 125 83 83 125 124 124 125 146 146 146 146 148 170 85 0 85 0 68 82 82
"108" 67 0 0 0 0 0 0 0 0 170 170 151 151 85 114 192 148 148 192 113 85 42 125 146 146 125 124 125 148 148 146 146 146 146 146 146 83 83 146 146 41 0 0 0 0 0 0 0 0 0 0 0 0 42 41 0 0 41 42 83 83 83 125 125 125 124 125 125 124 125 125 124 125 125 125 125 124 125 125 125 124 124 124 125 125 125 124 124 125 124 125 124 125 124 124 125 124 125 124 124 125 125 124 125 83 83 125 125 125 125 125 124 124 124 83 83 124 124 125 125 125 124 124 125 124 125 125 83 83 83 124 124 125 124 125 125 124 146 146 146 146 148 148 85 85 85 67 67 67 68
"109" 0 0 0 0 0 0 0 0 0 151 151 150 150 85 148 193 192 148 192 146 42 83 125 146 146 124 124 124 146 148 148 146 146 148 146 146 83 146 146 146 81 42 0 0 0 0 0 0 0 0 0 0 0 0 42 0 0 42 83 83 83 83 125 124 125 125 124 124 125 124 145 124 124 125 125 124 125 125 125 124 125 125 125 124 124 124 124 125 125 125 124 125 124 125 125 124 125 125 125 124 124 125 125 124 83 83 124 124 83 124 124 125 124 124 83 83 125 125 125 125 83 83 125 125 124 125 125 83 83 83 83 83 125 124 125 124 125 124 146 146 146 148 147 146 82 82 82 82 67 68
"110" 0 0 0 0 0 0 0 0 0 151 151 151 150 41 113 148 148 148 148 146 42 114 146 146 148 146 125 125 125 146 148 148 148 148 146 146 146 82 146 146 146 41 41 0 0 0 0 0 0 0 0 0 0 0 0 0 0 41 83 83 83 83 125 124 125 125 124 125 124 124 125 124 124 124 124 124 125 124 124 125 125 124 124 124 125 124 124 125 124 124 125 125 125 124 125 125 125 124 124 125 124 125 124 125 125 83 83 124 124 83 124 124 125 124 124 125 124 124 125 125 83 83 124 125 125 124 124 83 83 83 83 83 124 125 125 125 124 124 146 146 146 146 147 114 82 68 82 82 81 67
"111" 0 0 0 0 0 0 0 0 0 150 151 151 151 85 83 146 145 148 148 148 146 146 148 146 148 148 125 124 124 124 146 148 193 113 145 146 146 82 146 146 146 42 42 0 0 0 0 0 0 0 0 0 0 0 0 0 41 83 83 83 83 83 124 124 124 125 125 124 124 124 125 125 124 124 124 124 124 125 125 124 125 124 124 125 124 124 124 125 124 125 124 124 125 125 124 124 125 124 124 125 125 125 124 125 124 124 124 125 125 83 83 125 124 124 125 124 124 125 124 83 83 83 124 125 124 125 124 83 83 83 83 83 83 124 124 125 124 125 124 125 146 146 148 148 81 68 82 82 82 82
"112" 82 82 85 82 0 0 0 0 0 150 150 150 150 114 148 148 146 146 148 148 145 146 193 148 148 148 124 124 146 83 83 145 148 113 114 146 146 82 83 146 146 82 41 0 0 0 0 0 0 0 0 0 0 0 0 0 41 83 83 83 83 83 124 125 125 125 124 124 124 125 125 125 125 125 125 125 125 124 125 125 124 125 124 124 125 124 124 124 125 125 125 125 125 125 125 125 125 125 125 125 125 124 124 124 125 124 125 125 83 83 83 83 83 83 124 125 124 124 124 83 42 83 125 125 124 125 125 83 41 83 83 83 41 83 124 125 146 124 124 125 146 146 146 146 146 67 81 192 192 193
"113" 82 82 192 81 82 0 0 0 0 151 151 151 170 114 148 192 148 148 148 148 146 42 148 192 148 148 146 146 146 83 41 146 114 114 114 145 192 146 83 83 146 146 42 0 0 0 0 0 0 0 0 0 0 0 0 0 42 83 83 83 83 83 124 125 125 125 124 124 125 125 124 124 125 124 125 125 125 125 125 125 125 125 124 124 125 125 125 124 125 125 125 125 125 125 124 125 125 124 124 124 125 124 124 124 83 83 124 125 83 83 83 83 83 83 125 125 124 124 125 83 42 83 125 124 124 124 124 83 41 41 41 83 41 41 83 146 146 124 124 125 146 146 145 146 146 82 82 193 193 192
"114" 82 82 151 82 67 68 0 0 0 151 151 150 113 148 148 148 148 148 148 148 146 83 145 192 148 148 146 146 146 83 41 146 114 113 113 193 193 146 146 83 146 146 41 0 0 0 0 0 0 0 0 0 0 0 0 41 42 83 83 83 83 83 124 125 124 124 125 125 125 124 125 124 125 125 124 125 125 125 125 125 124 124 125 124 124 124 125 125 124 125 124 125 124 125 125 125 125 124 124 125 124 124 125 83 83 83 124 125 83 83 83 83 83 124 125 125 124 125 83 83 0 83 124 125 124 125 83 83 41 42 41 42 41 41 42 83 83 125 124 125 146 146 146 146 81 81 81 192 247 246
"115" 82 82 150 82 68 68 0 0 0 151 151 151 146 148 146 146 146 83 83 83 113 146 146 192 192 148 148 146 146 146 41 82 113 113 113 193 192 192 146 146 146 146 82 0 0 0 0 0 0 0 0 0 0 0 0 42 42 83 83 83 83 83 124 125 124 124 125 124 124 124 124 125 124 125 125 125 124 125 124 125 124 125 124 124 124 125 124 124 125 124 124 124 125 125 125 125 124 125 124 124 124 124 83 83 83 83 83 124 83 83 83 83 124 124 124 125 124 125 83 42 0 42 124 83 124 125 83 83 41 41 42 42 41 41 41 42 42 83 146 146 146 146 146 146 82 67 81 82 193 192
"116" 192 82 150 82 67 68 68 0 0 151 150 151 148 148 124 83 146 83 42 41 148 148 148 148 192 192 193 148 146 146 41 82 113 114 114 192 192 192 146 146 146 146 82 41 0 0 0 0 0 0 0 0 0 0 0 42 41 42 83 83 83 83 125 124 125 124 124 124 124 124 124 124 124 124 124 124 125 125 125 125 146 125 125 124 83 124 125 125 125 124 124 124 125 125 124 124 125 124 124 124 124 83 83 83 83 83 83 83 83 83 83 83 124 124 124 124 124 124 83 42 0 42 125 83 125 83 83 83 41 0 0 0 0 0 0 0 0 42 148 146 146 148 145 0 0 0 67 82 82 151
"117" 82 151 193 150 67 68 68 0 0 150 150 150 147 148 125 83 145 148 148 146 146 148 148 146 193 192 192 192 146 41 82 82 113 113 113 114 192 192 192 146 146 145 146 41 0 0 0 0 0 0 0 0 0 0 42 41 41 41 83 83 83 124 125 124 124 124 125 125 125 124 124 124 125 124 124 125 125 125 125 124 146 125 124 124 83 83 124 124 124 125 125 124 124 125 124 124 125 124 125 124 125 83 83 83 83 83 83 83 83 83 83 83 83 125 125 125 124 125 83 41 0 83 125 83 124 83 83 41 42 0 0 0 0 0 0 0 0 42 146 146 146 146 82 0 0 0 67 67 82 82
"118" 81 192 170 151 67 68 67 0 0 151 151 85 83 148 146 114 114 148 148 125 146 148 148 145 148 192 192 193 148 42 85 42 114 113 113 114 114 193 193 146 146 146 146 41 0 0 0 0 0 0 0 0 0 0 41 42 41 83 83 83 124 125 125 125 125 124 124 125 124 146 124 125 124 124 125 124 124 125 125 124 146 125 125 125 125 83 125 125 124 124 124 124 124 125 125 125 124 124 124 124 124 125 83 83 124 83 83 83 83 83 124 125 125 124 125 124 124 124 83 42 0 83 124 125 125 83 83 42 0 0 0 0 0 0 0 0 0 0 82 146 82 82 67 0 0 0 0 67 68 81
"119" 192 170 170 151 67 68 68 0 0 151 151 85 83 83 114 113 147 148 146 146 146 148 148 146 148 192 193 192 113 82 85 82 83 114 114 113 113 192 193 193 145 146 146 41 0 0 0 0 0 0 0 0 0 82 81 42 41 146 83 83 124 125 124 124 124 124 125 125 124 125 125 125 124 124 125 125 124 125 125 124 146 124 124 125 125 83 125 124 124 125 125 124 124 125 124 125 124 125 124 125 125 83 83 83 83 83 83 83 83 124 124 125 125 125 83 124 124 124 83 41 0 83 124 124 124 83 83 41 0 0 0 0 42 0 0 0 0 0 0 82 81 67 68 67 67 67 67 0 67 67
"120" 114 170 170 150 68 67 67 0 0 151 150 85 83 146 113 250 148 146 146 146 146 146 148 146 146 148 192 192 146 82 114 113 83 146 113 113 114 192 192 192 146 146 146 82 0 0 0 0 0 0 0 0 0 82 82 41 83 146 83 83 125 125 124 125 125 125 125 125 124 124 125 125 124 124 124 125 125 125 124 125 146 124 124 124 83 83 83 125 124 125 124 125 124 125 125 124 125 125 125 83 83 83 83 83 83 83 83 83 83 124 125 124 124 125 83 125 124 124 83 42 0 83 124 125 125 83 83 42 0 0 0 42 42 0 0 0 0 0 0 68 82 68 67 68 68 82 67 68 0 0
"121" 81 193 170 151 68 0 0 0 0 151 170 85 83 148 148 250 192 146 146 148 148 148 148 146 146 146 148 113 42 81 113 113 146 113 114 114 114 193 192 192 146 146 114 81 0 0 0 0 0 0 0 0 0 81 82 82 146 83 83 83 124 125 125 124 125 124 124 125 124 125 124 124 124 125 125 124 124 124 124 125 146 124 125 125 124 83 83 83 83 125 124 125 125 125 124 124 124 83 83 83 125 83 83 83 83 124 83 83 83 83 124 125 125 124 125 125 124 83 42 0 0 83 124 125 124 124 83 0 0 0 0 41 0 0 0 0 0 0 0 68 82 81 81 68 81 81 82 82 67 67
"122" 0 85 151 82 67 0 0 0 0 151 170 85 124 148 250 192 250 148 125 146 148 146 148 146 146 146 146 146 42 82 113 113 114 114 114 113 113 192 192 193 192 146 146 82 0 0 0 0 0 0 0 0 0 82 82 146 83 145 83 83 125 125 125 124 125 125 125 125 125 125 125 124 125 124 125 124 125 124 125 125 124 124 125 124 124 83 83 125 83 125 125 124 124 124 124 83 124 83 83 83 83 83 83 83 83 83 83 83 83 83 125 124 124 125 124 124 83 83 41 0 0 41 125 146 124 83 83 0 0 41 0 0 0 0 0 82 85 0 68 82 151 151 81 67 82 151 150 151 85 81
"123" 81 81 82 67 68 0 0 0 0 151 150 85 124 148 114 113 192 147 145 148 147 146 146 146 146 146 146 113 82 81 114 114 114 113 114 113 113 193 192 192 192 146 81 82 42 0 0 0 0 0 0 0 82 82 146 83 83 124 83 83 124 124 124 124 124 125 124 125 124 124 125 124 83 124 125 124 125 124 125 125 125 83 124 124 124 124 124 125 124 124 124 124 124 124 124 83 124 83 83 83 83 83 83 83 83 83 83 83 125 124 125 124 125 83 124 83 83 83 0 0 0 41 125 125 124 113 42 0 0 0 0 0 82 82 81 192 67 0 68 82 150 151 82 67 81 151 151 193 150 82
"124" 82 82 82 82 67 0 0 0 85 150 150 41 146 148 114 114 114 148 148 148 148 146 146 146 146 146 148 113 82 81 114 114 114 114 113 114 113 113 193 192 192 145 82 82 82 0 0 0 0 0 0 0 85 146 146 83 83 125 83 83 124 125 125 124 125 125 124 124 124 125 124 124 83 124 124 125 124 124 124 124 124 83 124 124 125 125 124 125 125 124 124 124 124 125 124 124 125 83 124 125 125 83 83 83 83 125 124 124 125 124 124 124 83 83 124 83 83 42 0 0 0 41 83 114 83 42 42 0 0 0 0 0 82 82 192 151 0 0 67 82 82 82 81 82 67 82 150 151 85 67
"125" 67 67 82 82 68 0 0 0 85 151 150 85 125 148 250 193 83 148 148 148 148 146 146 146 146 145 148 146 82 82 85 113 114 114 114 114 114 113 192 192 193 146 82 82 81 41 0 0 0 0 0 85 85 146 83 83 83 83 83 83 125 125 125 124 124 125 124 124 124 125 125 83 83 83 125 125 124 124 124 125 83 83 83 125 125 124 125 125 125 124 125 125 124 125 124 125 124 125 124 124 125 125 125 125 124 124 125 124 124 125 125 125 83 83 124 83 83 41 0 0 0 41 41 42 41 42 0 0 0 0 0 82 82 82 82 0 0 0 82 82 82 82 81 82 67 68 82 85 68 0
"126" 67 67 68 67 0 0 0 0 85 151 151 85 125 148 192 114 41 148 148 146 148 148 146 125 124 146 145 82 82 81 85 113 114 114 114 113 113 113 114 192 192 192 82 82 81 42 0 0 0 0 0 85 85 145 83 83 125 124 83 83 124 124 124 125 125 124 124 124 125 125 124 83 83 83 83 83 83 83 83 83 83 83 83 83 125 125 125 124 125 124 124 124 124 125 125 124 124 124 125 124 124 124 124 124 124 125 125 124 124 124 124 124 83 83 83 83 41 0 0 0 0 0 0 0 0 0 0 0 0 0 0 82 68 82 82 0 0 0 68 81 82 81 82 82 68 68 67 67 68 0
"127" 82 67 67 0 0 0 0 68 85 151 151 42 124 148 148 146 83 146 148 146 146 192 146 146 124 146 146 82 82 82 85 114 113 114 113 113 114 114 114 113 193 193 82 82 41 41 42 0 0 0 0 85 85 83 83 83 83 125 83 125 124 124 125 125 125 124 125 124 125 125 83 83 83 41 42 41 41 41 41 42 83 83 83 125 125 124 124 125 125 124 125 124 124 124 124 124 125 125 124 124 125 124 125 125 125 124 124 124 124 124 124 124 83 83 83 83 41 0 0 0 0 0 0 0 0 0 0 0 0 0 42 0 67 82 0 0 0 68 67 82 82 82 151 82 67 67 67 68 68 0
"128" 82 82 82 0 67 82 67 81 170 170 150 42 83 146 146 146 83 125 148 148 146 148 146 146 146 146 146 82 82 81 85 114 114 114 114 113 114 113 192 114 192 193 145 42 42 41 42 0 0 0 0 85 82 83 83 83 125 125 124 125 124 124 124 125 124 124 125 124 124 124 125 83 83 42 41 42 0 0 41 42 83 83 83 125 125 125 125 124 125 125 125 125 124 124 124 125 125 125 125 125 124 125 125 124 125 125 124 124 125 124 124 83 83 83 83 83 42 0 0 0 0 0 0 0 0 0 0 0 0 0 85 82 85 0 0 0 0 68 82 82 82 82 150 82 82 67 67 67 68 0
"129" 82 82 82 81 82 151 82 247 250 255 150 0 146 146 146 146 83 124 148 146 83 146 146 146 146 146 146 82 82 82 85 114 114 192 113 114 113 113 193 113 192 192 82 41 42 42 42 0 0 0 0 85 82 83 83 83 124 125 124 125 125 125 124 125 124 124 125 124 125 124 83 83 41 42 42 0 0 42 42 41 83 83 83 125 125 125 125 124 124 125 125 125 125 124 124 124 124 125 124 125 125 124 125 125 125 124 124 124 83 83 83 83 83 83 83 83 41 0 0 0 0 0 0 0 0 0 82 0 0 82 192 67 0 0 0 0 0 67 82 81 82 82 151 81 82 67 0 0 0 0
"130" 81 82 82 192 193 82 192 250 250 255 170 0 83 146 146 146 83 146 148 146 83 83 146 145 146 146 146 82 42 81 85 113 114 114 113 113 113 113 113 114 192 193 82 41 42 41 41 42 0 0 0 0 81 83 83 83 124 124 125 124 125 125 125 124 125 124 124 124 124 124 83 83 42 0 42 0 0 42 42 41 83 83 124 124 124 124 124 124 124 124 125 125 124 124 125 125 124 125 125 125 124 124 124 125 124 124 125 83 83 41 83 83 83 83 83 42 42 0 0 0 0 0 0 0 0 67 68 0 0 85 192 0 0 0 0 0 0 0 68 82 82 82 150 82 81 67 0 0 0 0
"131" 67 81 192 247 192 81 192 250 250 255 170 0 42 146 114 146 83 148 148 146 124 83 83 146 114 192 193 82 41 81 114 113 85 113 192 114 192 192 192 192 113 193 82 42 82 42 41 0 0 0 0 0 82 83 83 83 124 124 124 125 124 125 124 124 125 124 124 124 83 83 83 41 42 85 85 85 114 85 42 42 83 83 83 83 124 125 83 124 124 83 125 125 124 124 124 125 124 124 125 124 125 125 125 124 125 83 83 83 42 41 42 41 42 42 83 42 41 0 0 0 0 0 0 0 41 82 0 0 82 85 67 0 0 0 0 0 0 0 0 81 81 82 151 82 81 67 0 0 0 0
"132" 0 82 247 247 192 192 247 250 250 251 170 0 0 42 83 83 83 145 148 146 146 83 83 146 146 192 192 82 42 81 82 113 85 114 193 113 192 193 192 193 192 193 82 42 82 41 41 0 0 0 0 41 82 83 83 83 124 124 124 83 83 83 124 125 125 124 124 125 83 83 83 114 170 170 170 170 170 250 113 41 42 83 83 83 83 83 83 125 83 83 83 83 83 83 83 83 83 83 83 83 83 124 124 83 83 83 82 83 42 42 41 41 41 41 41 41 41 0 0 0 0 0 0 0 85 85 0 0 67 67 67 68 68 67 67 0 0 0 0 0 67 82 150 81 81 0 0 0 0 0
"133" 0 85 192 192 82 193 250 255 250 250 255 85 0 41 113 114 113 146 146 146 146 124 124 114 113 192 192 192 82 42 82 114 85 85 113 113 113 193 193 192 113 192 82 41 82 42 41 0 0 0 0 41 81 83 83 83 124 125 83 83 83 83 83 124 124 125 124 124 83 114 170 170 170 170 170 255 170 251 250 114 42 42 41 83 83 83 83 83 83 83 83 83 83 41 42 83 83 42 41 41 41 83 83 41 42 41 42 42 0 0 41 41 42 41 41 41 41 0 0 0 0 0 0 85 85 85 0 0 0 68 68 67 68 67 67 68 0 0 0 0 67 82 150 81 67 0 0 0 0 0
"134" 82 192 81 81 82 247 250 250 250 250 250 193 0 41 113 113 148 145 146 146 146 146 146 192 192 192 192 192 146 41 41 85 85 85 85 85 113 192 192 113 114 192 82 82 82 42 42 42 0 0 0 42 146 83 83 83 83 125 83 83 83 83 83 124 125 124 124 83 83 114 170 170 170 170 170 255 170 170 170 250 114 41 41 41 42 41 42 42 42 41 41 41 42 0 0 41 42 42 0 0 0 41 42 42 42 0 0 41 0 42 42 42 42 41 41 41 42 0 0 0 0 0 41 85 85 0 0 0 0 0 67 68 67 67 67 67 67 0 0 0 0 82 82 82 67 0 0 0 0 0
"135" 193 81 67 82 81 192 250 250 250 250 170 192 68 42 83 146 148 146 125 146 145 146 148 192 193 192 192 192 146 82 41 82 82 85 85 85 85 81 114 114 192 146 82 82 81 81 41 41 0 0 0 42 83 83 83 83 83 83 83 83 83 83 125 82 125 124 83 114 114 170 170 170 150 170 170 170 170 170 170 255 250 170 42 0 0 0 0 0 0 0 42 41 0 0 0 0 42 42 0 0 41 85 41 82 0 0 0 0 0 41 42 42 41 41 41 42 41 41 42 0 0 0 85 85 85 0 0 0 0 0 0 68 67 67 68 68 67 68 0 0 0 67 82 67 0 0 0 0 0 0
"136" 192 81 82 82 82 192 247 250 246 193 193 250 85 0 41 146 113 146 146 145 146 146 113 192 193 113 192 192 192 81 42 42 81 85 85 85 82 82 113 192 113 82 81 81 81 82 42 42 0 0 0 82 146 83 124 124 83 83 83 83 83 83 125 124 83 83 83 170 250 255 255 170 170 170 170 255 255 255 255 170 250 255 170 0 0 0 0 0 0 42 85 41 41 0 0 0 85 85 85 0 85 85 85 85 42 0 0 0 0 0 41 41 42 41 42 41 42 0 0 42 0 42 85 85 82 0 0 0 0 0 0 67 67 67 67 67 68 68 0 0 0 0 0 0 0 0 0 0 0 0
"137" 81 82 192 193 193 192 247 246 192 192 247 250 192 0 41 114 113 146 146 83 146 146 192 192 250 192 192 192 193 146 41 41 82 85 85 85 82 82 114 114 82 82 81 82 81 82 41 41 0 0 0 82 146 83 83 124 83 83 83 83 83 83 124 83 83 113 113 170 250 251 170 85 170 85 170 255 255 255 170 170 170 250 250 85 0 0 0 0 0 0 0 0 0 0 0 85 85 85 113 42 41 85 85 85 41 0 0 0 0 0 0 0 0 0 0 0 42 0 0 0 0 85 85 85 67 0 67 68 67 68 67 0 68 67 68 67 68 67 0 0 0 0 0 0 0 0 0 0 68 0
"138" 67 67 82 81 192 247 247 246 193 250 251 250 247 42 0 113 146 83 114 82 81 114 192 192 250 193 114 192 192 192 82 41 41 81 81 81 82 81 82 81 82 82 82 81 82 82 42 41 0 0 0 82 146 145 83 83 83 83 83 83 83 124 124 83 113 170 170 170 170 170 170 85 85 170 170 170 170 170 170 170 170 170 170 85 0 0 0 0 0 0 0 0 0 0 0 170 85 170 170 85 85 113 170 85 85 0 0 0 0 0 0 0 0 0 0 0 0 0 0 0 41 85 85 85 67 67 68 67 68 67 67 0 0 67 67 68 68 68 67 0 0 0 0 0 0 0 0 0 0 0
"139" 82 81 81 82 81 192 192 192 192 246 247 246 151 85 0 85 85 85 114 114 113 114 192 192 192 192 114 114 192 192 82 41 41 41 41 82 82 82 81 81 82 82 82 82 81 81 41 42 0 0 0 82 146 146 83 125 83 83 83 83 83 83 83 114 250 251 170 170 170 170 170 85 41 85 170 170 170 255 255 170 170 170 170 170 85 151 150 150 150 150 85 85 85 85 85 85 170 170 170 170 85 85 170 170 170 85 85 85 85 85 85 85 85 85 85 85 85 85 85 0 85 0 85 85 67 67 68 68 67 67 67 67 0 0 0 0 0 68 0 0 0 0 0 0 0 0 0 0 0 0
"140" 193 82 82 81 82 82 82 192 192 192 81 82 0 67 85 85 85 114 192 193 192 114 114 192 193 192 192 114 193 192 146 41 42 42 82 82 81 146 82 82 82 82 81 82 82 82 42 42 0 0 0 82 82 145 83 125 83 83 83 41 83 83 83 113 250 170 170 170 85 85 0 0 0 0 85 170 170 170 255 255 170 85 170 255 170 170 170 151 151 150 150 151 151 85 85 85 85 170 170 170 170 85 170 170 170 85 85 85 85 85 85 85 85 85 85 170 170 170 170 170 170 170 170 85 67 67 68 67 82 82 82 67 0 0 0 0 0 0 0 0 0 0 0 0 0 0 0 0 0 0
"141" 82 81 82 82 82 82 82 81 82 82 68 0 0 0 151 85 170 113 113 113 113 114 114 113 192 193 113 113 113 192 146 42 42 42 41 82 82 145 146 82 82 82 82 82 81 41 42 42 0 0 0 85 81 82 146 83 83 83 41 41 83 83 83 170 170 170 85 85 85 85 85 85 85 85 85 85 170 170 255 255 170 85 170 170 170 151 150 151 151 150 85 85 150 85 85 85 150 170 170 170 170 85 170 170 151 85 85 85 85 85 85 85 85 85 85 85 85 85 85 151 150 170 170 170 250 170 151 85 151 150 85 85 67 0 0 0 0 0 0 0 0 0 0 0 0 0 0 0 0 0
"142" 0 0 68 68 82 82 68 68 67 67 0 0 0 0 150 170 170 114 114 114 114 114 114 113 193 192 193 114 146 192 192 82 41 42 81 82 81 82 146 82 82 82 82 82 82 41 41 41 0 0 0 85 85 81 146 146 146 146 42 42 83 41 113 170 170 170 170 170 170 170 170 170 170 255 170 150 170 170 170 255 170 170 170 170 255 170 151 151 151 151 151 85 85 85 85 85 150 170 170 170 170 85 170 170 150 85 85 85 85 85 85 85 85 85 85 150 150 150 85 85 85 85 151 150 170 170 170 250 250 170 170 151 85 0 0 0 0 67 0 0 0 0 0 0 0 0 0 0 0 0
"143" 0 0 0 68 81 82 67 68 67 0 0 0 0 0 151 170 170 113 114 113 113 114 113 114 113 193 193 113 146 114 193 146 41 42 82 82 82 82 146 82 81 81 81 81 41 42 42 0 0 0 0 85 85 82 82 82 146 81 41 41 83 114 170 170 170 170 170 170 255 255 170 255 255 151 151 85 85 170 170 170 250 85 85 255 255 170 85 150 151 151 151 151 85 85 85 85 85 170 170 255 255 85 170 150 85 85 85 85 85 85 85 85 85 85 85 85 151 151 150 150 150 150 170 170 151 170 170 170 170 170 250 250 170 85 0 0 68 68 0 0 0 0 0 0 0 0 0 0 0 0
"144" 0 0 67 67 67 67 81 82 82 82 0 0 0 0 151 170 170 113 113 113 114 113 114 113 113 192 192 113 113 113 192 146 42 81 82 82 82 82 145 82 41 82 82 42 81 42 41 0 0 0 0 0 85 85 85 82 82 85 114 113 170 170 170 170 170 255 255 255 255 170 151 150 150 151 151 85 170 85 170 170 170 85 85 255 170 151 151 150 151 150 151 151 85 151 85 85 151 170 170 170 255 170 85 85 85 85 85 85 85 85 85 85 85 85 85 85 85 150 150 151 151 150 151 151 151 170 170 170 150 170 170 170 170 170 170 85 0 68 68 0 0 0 0 0 0 0 0 0 0 0
"145" 82 193 192 85 68 68 81 82 151 82 0 0 0 0 85 170 170 113 114 114 114 113 113 114 113 113 193 113 146 113 192 146 81 82 82 82 81 82 82 146 82 82 82 41 42 42 0 0 0 0 0 0 0 82 85 85 192 170 170 170 170 170 255 255 255 255 170 170 150 170 170 150 151 150 151 151 170 170 170 170 170 85 85 170 170 151 151 151 151 150 151 151 150 151 85 85 151 170 170 170 170 85 151 150 85 85 150 150 151 151 151 151 151 150 151 150 150 150 151 151 151 151 150 151 151 151 150 150 170 170 170 170 150 150 170 170 250 151 85 85 81 81 0 0 0 0 0 0 0 0
"146" 192 192 192 81 67 67 82 82 82 81 0 0 0 0 85 150 85 113 85 114 113 114 113 113 113 114 192 113 114 114 146 193 81 82 85 82 82 82 82 146 41 41 81 41 0 0 0 0 0 0 0 0 0 85 151 170 170 170 170 170 255 255 255 170 170 150 151 151 151 151 150 150 151 150 150 85 85 170 85 86 114 85 85 85 85 151 151 151 151 150 151 151 150 85 85 85 85 85 85 85 85 113 170 85 85 85 85 85 85 85 85 150 150 150 150 150 151 151 151 151 151 150 150 151 150 150 150 150 151 150 150 151 170 170 170 170 170 250 250 151 85 82 0 0 0 0 0 0 0 0
"147" 82 81 82 82 82 82 81 82 82 68 0 0 0 0 85 85 85 85 85 114 113 85 113 114 114 114 192 148 113 113 146 192 146 41 82 82 82 82 82 82 82 82 41 0 0 0 0 0 0 0 0 85 170 170 170 170 170 170 255 255 255 170 170 170 170 150 151 150 151 170 151 150 151 151 151 85 85 85 85 85 170 85 85 85 85 85 151 85 85 85 85 85 85 85 0 0 0 85 85 85 85 170 170 170 85 0 68 0 85 85 85 85 85 85 85 85 85 85 151 150 151 170 151 151 150 151 151 151 150 151 150 151 151 151 151 170 170 170 170 255 250 192 67 0 0 0 0 0 0 0
"148" 82 82 68 82 82 82 81 82 81 82 0 0 0 0 85 85 0 85 85 85 113 85 85 113 114 113 113 192 114 114 146 192 146 42 82 82 81 81 85 82 82 82 82 42 0 0 0 0 85 150 170 250 250 170 170 255 255 255 170 170 150 151 151 170 170 151 151 150 151 151 150 150 150 151 151 85 85 85 85 170 170 85 0 0 85 85 67 67 0 0 0 0 0 0 0 0 42 0 0 41 85 170 170 170 42 0 0 0 0 0 0 0 42 0 0 0 82 85 85 85 150 151 150 151 151 151 150 150 151 151 151 151 151 151 151 151 150 150 170 170 170 255 170 85 0 0 0 0 0 0
"149" 82 81 67 67 82 82 82 82 193 192 82 81 0 0 0 85 0 85 85 82 113 85 85 85 114 146 113 192 114 146 146 114 146 42 82 82 81 82 82 82 81 81 82 82 42 0 85 170 170 255 170 170 170 255 255 255 255 170 170 170 151 150 150 150 150 151 150 170 170 151 151 150 150 151 151 85 85 85 85 170 170 85 0 0 0 0 0 0 0 0 0 0 0 0 42 0 0 0 0 0 85 170 170 114 0 0 0 0 0 0 0 0 0 0 0 0 0 41 67 68 85 68 67 85 85 151 151 151 150 150 150 151 150 150 150 150 150 150 151 150 170 170 170 170 170 85 0 0 0 0
"150" 82 81 82 67 67 82 82 82 192 192 192 192 82 0 0 85 85 85 85 85 85 85 85 85 114 146 113 192 113 146 145 146 192 42 41 85 82 82 82 82 82 81 81 85 193 170 170 170 170 170 255 255 255 255 170 151 170 170 170 170 170 151 151 151 170 150 151 151 151 151 151 150 150 150 85 85 85 85 85 170 170 85 0 0 0 0 0 0 0 0 0 0 0 0 41 0 0 0 0 0 85 170 85 85 0 0 0 0 0 0 0 0 0 0 0 0 0 42 67 67 67 0 0 68 67 85 85 85 85 150 151 151 170 150 150 151 150 150 150 151 150 150 170 170 170 170 170 0 0 0
"151" 193 82 82 67 0 67 82 82 193 247 192 192 82 0 0 85 85 85 85 42 81 85 82 85 85 82 114 193 114 146 145 146 113 82 0 0 42 82 82 81 82 85 85 170 250 255 170 255 255 255 255 255 170 170 151 150 151 170 170 170 151 151 151 151 170 170 170 151 151 151 151 85 85 85 0 0 0 85 85 170 150 85 85 0 0 0 0 0 0 0 0 67 68 0 82 0 0 0 0 0 85 170 170 85 0 0 0 0 0 41 41 0 0 0 0 41 42 42 68 67 68 68 0 0 0 0 0 68 68 85 85 85 150 150 151 151 150 151 150 151 150 151 151 151 150 170 170 170 85 85
"152" 246 247 81 82 67 67 68 82 192 247 247 192 82 0 0 85 85 85 113 85 42 85 41 82 85 81 146 192 114 146 146 145 193 82 0 0 41 82 82 82 85 170 170 255 170 170 255 255 255 255 170 170 170 151 151 150 151 170 151 151 151 151 151 170 170 170 151 151 85 85 85 85 0 0 0 0 0 85 85 170 170 170 170 0 0 0 0 0 0 0 0 68 85 68 0 0 82 0 0 85 85 170 255 85 0 0 0 0 42 41 0 0 0 0 0 42 42 0 67 68 68 68 68 0 0 0 0 0 0 0 67 85 85 85 151 151 151 151 151 151 151 151 151 151 151 150 151 170 250 250
"153" 247 247 192 82 82 68 68 82 82 247 247 193 192 0 0 85 85 85 170 85 41 41 41 42 85 81 82 114 113 146 113 146 192 85 0 0 82 82 85 170 170 170 170 170 255 255 255 255 170 170 170 151 151 151 170 151 150 150 151 151 150 151 151 151 150 85 85 85 85 85 85 0 0 0 0 0 0 85 113 170 170 255 170 0 0 0 0 0 0 0 0 85 85 67 0 0 0 0 0 0 85 85 41 0 0 0 0 0 41 42 0 0 0 0 41 41 41 0 67 68 67 68 67 0 0 0 0 0 0 0 0 0 68 67 85 85 151 150 150 151 151 151 150 150 151 150 151 151 150 170
"154" 247 247 246 193 82 82 82 81 82 192 247 247 192 82 0 85 85 85 170 85 42 42 41 42 85 82 82 146 114 114 113 146 192 114 0 0 85 170 170 255 255 170 255 255 255 255 170 170 150 170 170 150 151 150 170 150 151 150 170 170 170 150 85 85 85 85 85 85 85 85 85 0 0 0 0 0 0 42 114 113 170 255 255 85 0 0 0 0 0 0 85 150 150 68 0 0 0 0 0 0 85 0 0 0 0 0 0 0 0 0 0 0 0 41 42 41 42 67 67 67 82 82 67 0 0 0 68 67 67 0 0 68 68 67 67 67 67 85 85 150 150 151 151 151 151 151 150 151 151 151
"155" 247 246 247 192 81 82 82 82 81 192 247 246 193 82 0 85 85 85 170 170 42 41 42 42 85 85 82 146 114 85 114 146 193 85 82 85 170 255 255 255 255 255 255 255 255 170 170 170 151 150 151 151 150 170 170 150 150 150 150 150 85 85 85 0 42 85 85 85 85 85 85 85 0 0 0 0 0 0 113 250 151 150 170 85 0 0 0 0 0 0 85 170 85 0 0 0 0 0 0 0 0 0 0 0 0 0 0 0 0 0 0 0 0 42 41 41 0 67 82 82 82 68 0 0 0 67 67 67 68 68 67 67 68 67 67 67 0 67 85 85 150 151 151 150 151 151 151 150 151 151
"156" 192 247 247 247 192 82 0 82 82 193 192 247 247 193 0 85 85 170 170 170 82 42 42 41 82 85 82 85 85 85 81 82 85 193 170 255 255 255 255 255 255 255 255 170 170 170 170 170 151 150 170 151 151 151 151 170 150 151 85 85 114 83 42 41 41 85 85 85 85 85 85 85 85 0 41 0 0 0 42 85 85 0 85 170 85 0 0 0 0 85 170 150 85 0 0 0 0 0 0 0 0 0 0 0 0 0 0 0 0 0 0 0 41 42 41 0 67 68 67 82 82 67 0 0 67 67 68 68 67 67 67 68 68 68 67 67 68 67 68 67 85 85 85 150 151 151 150 151 151 151
"157" 82 246 247 247 192 81 0 0 82 193 192 246 247 192 0 81 85 170 170 170 86 42 42 0 42 81 82 85 81 82 85 85 192 250 255 255 255 255 255 255 255 170 150 170 170 151 151 150 170 170 170 151 151 150 151 85 85 85 85 41 114 113 83 41 42 85 85 85 85 85 85 85 85 41 42 41 0 41 0 0 0 0 85 85 85 85 85 85 85 170 170 85 85 0 0 0 0 0 0 0 0 0 0 0 0 0 0 0 0 0 0 0 42 41 42 0 82 68 82 82 67 0 0 67 82 82 68 67 68 68 67 68 67 68 68 67 82 82 68 67 0 68 85 85 150 151 151 151 151 151
"158" 0 82 192 192 82 0 0 0 0 81 192 247 247 150 0 0 85 170 170 170 192 85 41 41 0 0 41 85 85 0 85 250 250 255 255 170 255 255 255 255 170 150 150 170 150 151 150 151 170 170 170 170 150 150 85 85 85 114 146 42 146 83 83 42 41 42 85 85 85 85 85 85 85 85 41 41 0 41 42 41 0 0 0 85 85 151 151 170 170 170 85 85 0 0 0 0 0 0 0 0 0 0 0 0 0 0 0 0 0 0 0 41 42 41 42 67 82 82 81 68 0 0 0 82 82 81 81 67 68 67 68 67 68 68 67 67 81 82 81 82 67 0 0 68 85 85 150 151 151 151
"159" 0 0 0 67 0 0 0 0 0 0 82 192 192 82 0 85 113 170 170 250 170 114 82 42 42 0 0 0 85 170 255 255 255 255 255 255 255 255 170 150 150 150 151 150 150 150 151 150 151 151 151 150 85 85 0 113 114 113 83 83 145 83 83 42 41 41 85 85 85 85 85 85 85 85 85 41 82 41 42 41 42 0 0 85 85 85 85 151 85 85 85 85 0 0 0 0 0 0 0 0 0 0 0 0 0 0 0 0 0 0 42 41 42 42 0 68 67 67 67 0 0 0 67 82 82 82 82 68 67 67 68 68 67 67 67 67 68 82 81 81 81 67 67 0 0 85 85 85 151 150
"160" 0 0 0 0 0 0 0 0 0 0 0 82 82 0 0 85 85 170 170 170 170 192 114 41 42 0 0 85 170 255 255 255 255 255 255 255 250 170 170 150 151 150 150 150 151 151 151 151 151 150 85 85 0 0 0 114 114 113 42 83 146 83 42 42 41 0 0 85 85 85 85 85 85 85 85 82 42 81 42 41 41 0 0 0 85 68 85 85 85 85 85 85 0 0 0 0 0 0 0 0 0 0 0 0 0 0 0 0 0 0 42 41 42 42 0 0 68 67 0 0 0 0 82 81 82 81 82 82 68 82 67 82 82 68 67 67 68 82 82 82 82 82 82 67 0 0 0 85 85 85
"161" 68 0 0 0 0 0 0 0 0 0 0 0 0 0 0 0 85 85 170 170 250 250 113 85 85 85 170 255 255 255 255 255 255 255 255 170 170 170 170 150 150 151 151 151 151 151 151 151 85 85 85 85 41 0 85 146 114 114 41 83 146 83 42 41 42 0 0 41 85 85 85 85 85 85 85 85 0 42 82 82 82 0 0 0 0 85 85 85 85 85 85 0 0 0 0 0 0 0 0 0 0 0 0 0 42 0 0 0 0 42 42 41 42 0 0 0 0 0 0 0 0 0 82 151 151 150 82 82 82 81 82 82 82 68 67 67 68 82 82 82 82 82 82 82 67 68 0 0 68 67
"162" 0 0 0 67 0 0 0 0 0 0 0 0 0 0 0 0 0 85 170 170 250 170 193 85 85 170 255 255 255 255 255 255 255 170 170 151 151 151 150 150 151 151 170 170 170 150 151 85 68 85 85 85 85 42 85 146 114 85 42 83 146 83 41 42 41 0 0 41 85 85 85 85 85 85 85 85 42 0 81 82 82 41 42 0 0 85 85 85 85 85 85 0 0 0 0 0 0 0 0 0 0 0 0 0 0 0 0 0 42 42 42 41 41 0 0 0 0 0 0 0 0 0 85 192 150 151 82 82 82 82 68 67 67 67 68 67 68 68 67 82 82 82 82 81 82 67 0 0 0 0
"163" 0 0 68 67 0 0 0 0 0 0 0 0 0 0 0 0 0 85 250 170 250 170 170 170 250 255 255 255 255 255 255 255 170 170 150 150 151 151 151 170 150 151 170 170 151 85 82 0 0 82 85 85 85 85 85 83 113 85 42 83 83 83 41 41 41 0 0 0 85 85 85 85 85 85 85 85 85 41 0 82 113 82 85 85 0 85 85 85 85 150 85 0 0 0 0 0 0 0 0 0 0 0 0 0 0 0 0 0 41 41 42 41 0 0 0 0 0 0 0 0 0 0 82 85 85 81 68 68 67 82 82 67 67 68 67 67 67 0 0 82 82 82 82 82 82 0 0 0 0 0
"164" 67 67 68 67 0 0 0 0 0 0 0 0 0 0 0 0 0 85 250 170 170 170 250 255 255 255 255 255 255 255 255 170 170 150 150 151 151 151 151 151 170 170 170 85 82 81 41 0 0 0 82 114 85 85 85 83 113 85 41 83 83 83 42 41 41 0 0 0 85 85 151 85 85 85 85 85 85 42 0 41 114 85 85 85 85 85 85 85 85 85 0 0 0 0 0 41 42 42 0 0 0 0 0 0 0 0 0 41 41 42 41 0 0 0 0 0 0 0 0 0 0 0 0 0 0 0 0 0 67 82 82 67 67 67 67 67 67 0 0 0 68 82 82 82 82 0 0 0 0 0
"165" 68 67 68 67 0 0 0 0 0 0 0 0 0 0 0 0 0 85 170 170 170 251 255 255 255 255 255 255 255 170 170 170 150 150 150 150 151 151 151 151 151 151 85 82 82 42 42 42 41 0 0 85 85 85 85 83 114 82 42 83 83 83 41 42 42 0 0 0 85 85 151 150 85 85 85 85 85 85 41 42 81 114 85 85 85 85 85 85 85 85 0 0 0 0 0 41 41 41 0 0 0 0 0 0 0 0 0 41 41 42 0 0 0 0 0 0 0 0 0 0 0 0 0 0 0 0 0 0 67 82 82 82 67 67 67 81 67 0 0 0 0 0 0 68 0 0 0 0 0 0
"166" 67 67 67 67 67 0 0 0 0 0 0 0 0 68 81 0 0 85 170 170 255 255 255 255 255 255 255 255 170 170 170 151 150 151 150 150 151 151 150 151 85 85 0 41 82 41 42 41 41 42 0 42 85 85 85 83 114 41 42 83 83 83 41 42 42 0 0 0 85 85 150 151 151 85 85 85 85 85 82 81 82 114 85 85 151 151 150 150 150 85 0 0 0 0 42 41 42 41 41 0 0 0 0 0 0 41 41 41 42 42 0 0 0 0 0 0 0 0 0 0 0 0 0 0 0 0 0 0 0 82 82 82 82 82 81 67 0 0 0 0 0 0 0 0 0 0 0 0 0 0
"167" 82 151 82 67 68 0 0 0 0 0 0 0 68 85 85 85 0 85 170 255 255 255 255 255 255 255 170 170 170 151 150 151 151 151 150 170 170 151 85 85 85 0 0 0 41 42 41 0 0 0 0 0 0 85 85 83 113 42 41 83 83 83 41 41 41 0 0 0 85 151 150 151 150 151 85 85 170 85 85 82 85 85 85 151 150 151 151 151 151 0 41 0 0 41 42 41 41 81 42 0 0 0 0 0 0 41 41 42 42 0 0 0 0 0 0 0 0 0 0 0 0 0 0 0 0 0 0 0 0 0 67 81 151 150 82 0 0 0 0 0 0 0 0 0 0 0 0 0 0 0
"168" 82 151 151 67 67 0 0 0 0 0 0 0 67 85 85 85 85 150 255 255 255 255 255 255 255 170 151 170 150 150 151 151 151 151 170 170 150 85 82 0 42 42 0 0 0 81 42 0 0 0 0 0 0 42 85 83 113 42 42 83 83 83 42 42 41 0 0 0 85 151 150 151 150 150 151 150 170 170 85 85 85 85 85 151 150 170 150 170 85 0 41 42 0 41 41 82 81 82 42 0 0 0 0 0 41 41 41 41 0 0 0 0 0 0 0 0 0 0 0 0 0 0 0 0 0 0 0 0 0 0 0 68 151 150 67 0 0 0 0 0 0 0 0 0 0 0 0 0 0 0
"169" 67 85 85 85 82 0 0 0 0 0 68 0 68 85 85 85 255 255 255 255 255 255 255 255 170 170 170 150 151 150 150 151 150 151 150 151 85 82 82 41 42 42 0 0 0 0 81 42 0 0 0 0 0 85 85 83 146 42 83 83 83 83 42 41 42 0 0 0 85 85 150 151 151 151 151 170 170 170 85 85 114 85 151 151 151 170 170 170 85 42 41 41 42 41 42 82 85 85 0 0 0 0 0 42 42 42 42 42 0 0 0 0 0 0 0 0 0 0 0 0 0 0 0 0 0 0 0 0 0 0 0 0 68 0 0 0 0 0 0 0 0 0 0 0 0 0 0 0 0 0
"170" 0 82 151 150 82 0 0 0 0 0 68 67 67 85 151 255 255 255 255 255 255 255 255 170 150 151 170 170 151 150 151 150 151 151 85 82 81 82 146 81 42 41 0 0 0 0 0 0 41 0 0 0 0 85 85 83 145 42 83 83 83 83 41 41 41 0 0 0 85 85 150 150 151 170 170 170 170 170 150 85 113 170 170 151 170 170 170 170 41 41 41 41 42 42 83 81 85 85 0 0 0 0 0 41 41 42 41 41 42 0 0 0 0 0 0 0 0 0 0 0 0 0 0 0 0 0 0 0 0 0 0 0 0 0 0 0 0 0 0 0 0 0 0 0 0 0 0 0 0 0
"171" 0 0 85 151 0 0 0 0 0 0 67 0 68 151 255 255 255 255 255 255 255 255 170 170 170 150 150 150 151 170 170 170 151 85 82 82 82 81 82 146 82 42 0 0 0 0 0 0 0 0 0 0 0 85 85 146 146 42 83 83 83 83 41 41 42 42 0 41 85 85 151 150 151 170 170 170 170 170 150 85 150 170 170 170 170 170 170 150 42 41 42 42 42 41 146 85 114 85 0 0 0 0 42 42 41 0 0 0 85 0 0 0 0 0 0 0 0 0 0 0 0 0 0 0 0 0 0 0 0 0 0 0 0 0 0 0 0 0 0 0 0 0 0 0 0 0 0 0 0 0
"172" 0 0 67 82 0 0 0 0 0 0 0 67 150 255 255 255 255 255 255 255 170 170 170 150 151 151 150 150 170 170 170 85 85 82 82 81 82 82 82 82 82 82 0 0 0 0 0 0 0 0 0 0 0 85 85 146 146 42 83 83 83 83 41 41 42 41 41 42 85 85 151 170 150 170 170 170 170 170 151 85 151 170 170 170 170 170 170 85 41 42 41 42 41 81 146 114 114 85 0 0 0 42 41 41 41 0 0 0 0 0 0 0 0 0 0 0 0 0 0 0 0 0 0 0 0 0 0 0 0 0 0 0 0 0 0 0 0 0 0 0 0 0 0 0 0 0 0 0 0 0
"173" 0 0 0 0 0 0 0 0 0 0 68 151 255 255 255 255 255 255 255 170 170 151 150 150 150 170 150 151 151 150 85 82 41 82 82 82 82 82 82 82 82 82 81 0 0 0 0 0 0 0 0 0 0 85 85 146 83 41 146 83 83 83 42 41 41 41 42 42 85 85 150 150 150 170 170 170 170 170 170 150 151 170 170 170 170 170 151 85 85 42 42 42 41 146 146 113 113 85 0 0 42 42 41 41 0 0 0 0 0 0 0 0 0 0 0 0 0 0 0 0 0 0 0 0 0 0 0 0 0 0 0 0 0 0 0 0 0 0 0 0 0 0 0 0 0 0 0 0 0 0
"174" 0 0 0 68 0 0 0 0 0 67 170 255 255 255 255 255 255 255 170 170 170 150 151 151 151 150 151 170 193 85 82 41 42 41 82 82 82 81 41 82 81 82 82 0 0 0 0 0 0 0 0 0 0 85 114 146 83 42 146 83 83 83 42 42 42 42 41 85 85 85 85 150 170 170 170 170 170 170 170 150 170 170 170 170 170 170 151 85 85 42 41 41 85 146 146 113 114 0 0 0 42 42 42 0 0 0 0 0 0 0 0 0 0 0 0 0 0 0 0 0 0 0 0 0 0 0 0 0 0 0 0 0 0 0 0 0 0 0 0 0 0 0 0 0 0 0 0 0 0 0
"175" 82 67 67 67 68 0 0 0 0 170 255 255 255 255 255 255 255 170 151 150 151 151 170 150 151 151 150 150 85 82 42 41 42 41 82 82 82 82 41 42 81 42 81 0 0 0 0 0 0 0 0 0 0 41 113 113 83 83 145 83 83 83 41 41 42 42 41 85 85 85 85 170 170 170 170 170 170 170 151 151 170 170 170 170 170 170 85 41 85 41 83 41 85 114 146 113 113 0 0 0 42 41 42 0 0 0 0 0 0 0 0 0 0 0 0 0 0 0 0 0 0 0 0 0 0 0 0 0 0 0 0 0 0 0 0 0 0 0 0 0 0 0 0 0 0 0 0 0 0 0
"176" 150 82 67 67 67 67 0 0 170 255 255 255 255 255 255 255 170 170 170 151 150 150 151 151 151 170 85 85 42 41 42 41 42 42 42 82 82 82 41 42 81 81 82 0 0 0 0 0 0 0 0 0 0 41 114 113 83 83 146 83 83 83 41 42 83 42 41 85 85 85 85 170 170 170 170 170 170 170 151 170 170 170 170 170 170 170 85 85 85 81 83 42 85 113 114 114 113 0 0 41 41 41 0 0 0 0 0 0 0 0 0 0 0 0 0 0 0 0 0 0 0 0 0 0 0 0 0 0 0 0 0 0 0 0 0 0 0 0 0 0 0 0 0 0 0 0 0 0 0 0
"177" 250 150 67 68 68 68 68 170 255 255 255 255 255 255 255 170 170 170 150 150 150 151 170 170 150 113 85 81 41 42 42 42 41 41 41 81 82 82 42 0 42 41 82 41 0 0 0 0 0 0 0 0 0 42 113 113 83 83 146 146 83 83 41 41 83 41 42 85 85 85 85 170 170 170 170 170 170 170 170 170 170 170 170 170 170 150 85 85 82 146 41 41 85 113 113 170 114 0 0 41 0 0 0 0 0 0 0 0 0 0 0 0 0 0 0 0 0 0 0 0 0 0 0 0 0 0 0 0 0 0 0 0 0 0 0 0 0 0 0 0 0 0 0 0 0 0 0 0 0 0
"178" 170 151 67 68 68 68 250 255 255 255 255 255 255 255 150 170 150 192 150 151 150 151 170 150 85 114 114 146 41 41 42 42 41 41 41 82 82 82 41 0 42 42 0 41 0 0 0 0 0 0 0 0 0 85 113 113 83 146 146 145 146 83 42 41 83 42 82 85 85 85 85 151 170 170 170 170 170 170 170 170 170 170 170 170 151 85 85 85 146 146 85 42 146 114 114 170 85 0 0 0 0 0 0 0 0 0 0 0 0 0 0 0 0 0 0 0 0 0 0 0 0 0 0 0 0 0 0 0 0 0 0 0 0 0 0 0 0 0 0 0 0 0 0 0 0 0 0 0 0 0
"179" 85 82 67 68 67 170 255 255 255 255 255 255 255 170 151 151 151 151 151 150 150 151 150 85 85 114 113 146 83 42 42 41 42 42 42 42 82 81 81 0 0 0 0 0 0 42 41 0 0 0 0 0 85 114 113 114 145 146 146 145 146 83 41 83 83 42 85 85 85 85 151 151 170 170 170 170 170 170 170 170 170 170 170 170 85 85 85 113 145 146 85 41 146 113 114 250 85 0 0 42 0 0 0 0 0 0 0 0 0 0 0 0 0 0 0 0 0 0 0 0 0 0 0 0 0 0 0 0 0 0 0 0 0 0 0 0 0 0 0 0 0 0 0 0 0 0 0 0 0 0
"180" 0 0 0 67 170 255 255 255 255 255 255 255 170 150 150 151 150 170 150 151 150 151 85 85 85 113 145 146 83 41 42 41 41 42 42 41 42 41 81 41 0 0 0 0 41 41 41 41 0 0 0 0 85 113 113 114 146 146 145 146 146 83 83 83 83 41 82 0 85 85 151 151 170 170 170 170 170 170 170 170 170 170 170 170 85 85 85 114 113 146 85 82 146 114 148 250 41 0 0 41 0 0 0 0 0 0 0 0 0 0 0 0 0 0 0 0 0 0 0 0 0 0 0 0 0 0 0 0 0 0 0 0 0 0 0 0 0 0 0 0 0 0 0 0 0 0 0 0 0 0
"181" 0 0 0 170 255 255 255 255 255 255 255 170 170 151 151 151 151 151 150 151 192 85 113 85 82 145 146 146 83 41 41 42 42 42 42 42 41 42 42 41 41 0 0 0 0 42 42 41 0 0 0 85 85 114 148 114 83 146 146 146 146 83 83 83 83 146 82 0 85 151 150 150 170 170 170 170 170 170 170 170 170 170 170 113 85 114 113 113 113 113 85 85 146 114 192 250 41 0 82 0 0 0 0 0 67 82 0 0 0 0 0 0 0 0 0 0 0 0 0 0 0 0 0 0 0 0 0 0 0 0 0 0 0 0 0 0 0 0 0 0 0 0 0 0 0 0 0 0 0 0
"182" 0 0 170 255 255 255 255 255 255 255 170 170 151 151 150 150 151 151 151 151 85 192 113 82 85 146 113 146 146 42 42 41 42 42 42 42 42 42 42 42 42 41 0 0 0 41 41 42 0 0 0 41 85 113 192 114 146 146 146 146 146 146 83 83 83 146 85 0 85 85 151 151 170 170 170 170 170 170 170 170 170 170 170 85 114 113 113 113 114 113 85 113 113 114 250 114 0 85 151 82 67 68 67 81 82 193 151 82 0 0 0 0 0 0 0 0 0 0 0 0 0 0 0 0 0 0 0 0 0 0 0 0 0 0 0 0 0 0 0 0 0 0 0 0 0 0 0 0 0 0
"183" 0 170 255 255 255 255 255 255 255 170 170 151 151 151 151 151 151 150 151 85 114 192 146 146 81 41 146 146 146 83 42 42 41 41 42 42 41 41 41 42 82 42 0 42 42 42 41 42 0 0 0 42 85 113 192 113 146 146 148 146 146 146 146 83 83 146 113 85 85 85 151 150 151 170 170 170 170 170 170 170 170 170 170 85 113 114 114 113 113 114 85 113 148 114 250 113 82 247 247 82 82 82 82 82 82 247 192 82 67 67 68 0 0 0 0 0 0 0 0 0 0 0 0 0 0 0 0 0 0 0 0 0 0 0 0 0 0 0 0 0 0 0 0 0 0 0 0 0 0 0
"184" 151 255 255 255 255 255 255 255 170 170 150 151 151 151 150 151 150 151 85 85 192 148 146 146 41 82 146 146 146 83 41 42 41 41 41 41 42 41 41 41 42 42 42 41 42 41 42 41 0 0 0 85 85 192 192 114 146 146 148 146 146 146 146 146 83 146 114 85 0 85 150 150 150 170 170 170 170 170 170 170 170 170 85 114 114 114 114 114 113 114 42 114 148 114 250 193 82 151 82 81 82 82 82 82 82 150 82 82 82 82 82 68 0 0 0 0 0 0 0 0 0 0 0 0 0 0 0 0 0 0 0 0 0 0 0 0 0 0 0 0 0 0 0 0 0 0 0 0 0 0
"185" 255 255 255 255 255 255 255 170 170 150 150 151 150 150 151 151 150 85 85 85 114 148 146 113 42 82 146 146 145 83 41 42 41 41 41 42 41 42 42 42 41 42 42 42 0 41 82 42 0 0 0 85 85 251 192 114 146 147 148 146 146 145 146 145 146 145 113 85 0 85 151 151 151 170 170 170 170 170 170 170 170 170 114 113 170 114 113 113 114 113 82 113 148 170 250 192 82 82 82 82 82 82 81 82 82 81 68 0 68 82 81 67 67 0 0 0 0 0 0 0 0 0 0 0 0 0 0 0 0 0 0 0 0 0 0 0 0 0 0 0 0 0 0 0 0 0 0 0 0 0
"186" 255 255 255 255 255 255 170 170 150 151 151 151 151 151 151 151 85 67 85 113 114 148 146 113 42 42 82 145 146 83 83 83 42 42 41 42 41 42 42 41 82 81 42 41 41 41 41 42 0 0 85 85 85 250 193 113 146 148 147 148 146 146 146 146 113 146 114 85 0 85 150 150 150 150 151 170 170 151 170 170 170 151 114 170 170 113 113 114 113 114 146 113 147 250 250 82 81 82 82 82 81 82 82 81 82 67 67 0 0 68 67 67 67 67 68 68 67 0 0 0 0 0 0 0 0 0 0 0 0 0 0 0 0 0 0 0 0 0 0 0 0 0 0 0 0 0 0 0 0 0
"187" 255 255 255 255 255 170 170 151 151 150 151 151 151 151 150 85 68 67 85 85 114 147 146 114 82 41 82 146 146 146 83 83 42 41 41 41 42 41 42 41 42 41 41 41 42 42 42 41 41 0 85 42 114 250 193 114 146 148 148 148 146 146 146 145 114 146 114 85 42 85 151 151 151 151 150 151 151 151 170 170 151 85 114 114 113 113 113 114 113 85 113 113 114 250 170 81 82 81 82 82 67 67 82 68 0 0 0 0 0 0 67 67 67 68 68 67 67 0 0 0 0 0 0 0 0 0 0 0 0 0 0 0 0 0 0 0 0 0 0 0 0 0 0 0 0 0 0 0 0 0
"188" 255 255 255 255 170 170 151 151 150 150 151 151 151 151 85 67 68 68 82 85 113 192 82 145 83 85 41 146 146 146 146 41 41 41 42 85 85 85 41 41 41 41 41 41 0 0 41 42 42 0 85 41 113 250 193 113 146 148 148 146 114 146 146 146 114 114 114 85 41 85 150 151 151 151 170 151 151 150 170 170 85 114 170 113 113 113 114 113 114 85 146 148 113 170 170 82 82 82 82 68 0 0 0 0 0 0 0 0 0 0 67 68 67 68 67 67 67 0 0 0 0 0 0 0 0 0 0 0 0 0 0 0 0 0 0 0 0 0 0 0 0 0 0 0 0 0 0 0 0 0
"189" 255 255 255 170 170 170 150 151 151 150 151 151 151 85 67 67 68 68 81 85 113 193 81 146 146 82 41 146 113 146 146 83 42 42 41 41 85 85 42 41 42 41 41 41 42 0 41 41 42 0 85 85 113 250 192 114 113 148 148 146 113 146 146 146 113 113 114 85 41 85 151 150 151 170 170 170 150 151 150 151 85 113 170 113 113 114 114 113 113 85 148 148 192 250 114 82 82 82 68 0 0 0 0 0 0 0 0 0 0 0 67 67 67 68 67 67 67 0 0 0 0 0 0 0 0 0 0 0 0 0 0 0 0 0 0 0 0 0 0 0 0 0 0 0 0 0 0 0 0 0
"190" 255 255 170 151 170 151 151 150 151 150 151 151 85 67 68 67 68 67 68 85 114 193 82 146 145 81 41 146 114 146 146 83 41 42 42 41 85 85 42 42 41 41 41 42 0 0 41 41 41 0 85 85 114 250 193 113 113 148 148 146 113 146 146 146 113 114 114 85 42 85 151 151 151 170 170 170 150 0 85 85 113 170 170 113 113 113 113 114 85 85 148 148 192 250 85 85 82 82 68 0 0 0 0 0 0 0 0 0 0 0 0 68 67 67 68 68 67 0 0 0 0 0 0 0 0 0 0 0 0 0 0 0 0 0 0 0 0 0 0 0 0 0 0 0 0 0 0 0 0 0
"191" 255 170 151 151 150 150 151 151 151 151 151 85 85 67 82 82 67 67 67 82 113 250 114 42 113 145 42 85 114 146 146 83 83 42 41 42 41 82 42 41 41 42 42 41 41 41 41 42 41 42 85 85 113 251 192 113 113 148 148 146 113 146 146 146 113 114 113 85 42 85 150 151 151 170 170 170 151 85 85 113 114 170 170 113 114 113 114 114 85 113 148 147 250 250 85 193 82 67 0 0 0 0 0 0 0 0 0 0 0 0 0 68 67 68 68 67 68 0 0 0 0 0 0 0 0 0 0 0 0 0 0 0 0 0 0 0 0 0 0 0 0 0 0 0 0 0 0 0 0 0
"192" 170 170 170 150 151 150 151 150 150 170 85 0 0 68 67 68 81 81 68 82 114 192 113 41 113 146 41 41 146 114 146 146 83 83 42 41 82 81 42 42 41 41 42 41 41 41 0 42 41 85 85 85 114 250 193 114 114 148 148 146 114 146 146 146 113 113 113 85 85 85 151 151 150 170 170 170 151 85 114 114 114 114 170 113 114 114 113 113 85 113 148 148 250 170 113 82 82 82 67 0 0 0 0 0 0 0 0 0 0 0 0 0 67 67 67 67 68 0 0 0 0 0 0 0 0 0 0 0 0 0 0 0 0 0 0 0 0 0 0 0 0 0 0 0 0 0 0 0 0 0
"193" 170 170 151 150 151 151 150 150 151 85 0 0 0 0 0 0 82 82 67 67 114 193 113 42 113 146 42 42 145 113 146 146 83 83 42 42 82 81 85 42 41 41 42 41 42 0 0 42 42 85 113 85 114 250 192 114 114 148 148 146 114 146 146 146 113 113 113 85 85 85 150 151 151 170 170 170 151 114 114 113 114 114 170 113 113 114 114 114 114 114 148 148 250 170 114 82 82 82 82 68 0 0 0 0 0 0 0 0 0 0 0 0 67 67 67 82 68 68 0 0 0 67 85 85 85 0 0 0 0 0 0 0 0 0 0 0 0 0 0 0 0 0 0 0 0 0 0 0 0 0
"194" 170 150 151 151 150 150 150 151 85 0 0 0 0 0 0 0 67 82 67 67 114 193 113 42 82 146 146 41 42 113 146 146 83 83 83 42 41 81 85 85 41 41 41 42 41 41 0 0 41 85 113 85 170 250 193 113 113 148 148 148 114 114 146 146 113 114 114 85 85 114 150 151 151 150 170 170 150 114 170 113 113 114 170 114 114 113 113 114 114 113 148 192 250 114 113 82 81 82 82 82 82 68 82 82 82 68 67 0 68 0 0 0 67 81 82 81 67 68 68 67 67 85 151 151 85 82 0 0 0 0 0 0 0 0 0 0 0 0 0 0 0 0 0 0 0 0 0 0 0 0
"195" 151 151 151 150 150 150 170 150 85 0 0 0 0 0 0 0 0 68 67 67 85 192 148 41 41 146 146 42 41 114 146 146 146 83 83 42 42 82 85 114 42 42 41 42 42 41 0 0 42 113 114 113 250 250 192 113 114 148 148 148 113 114 146 114 114 114 192 113 85 114 151 151 151 151 170 170 170 113 113 113 114 114 113 114 113 114 113 113 114 113 148 192 250 113 113 85 82 82 82 82 81 81 82 82 150 150 85 82 81 0 0 67 67 67 82 82 68 67 67 68 68 82 151 151 85 85 67 0 0 0 0 0 0 0 0 0 0 0 0 0 0 0 0 0 0 0 0 0 0 0
"196" 150 150 151 150 150 170 150 85 0 0 0 0 0 0 0 0 0 0 68 68 81 192 148 42 0 146 114 41 41 113 114 146 146 83 83 83 83 146 113 85 41 41 42 42 41 41 0 0 42 113 113 113 250 250 193 114 114 192 148 148 114 113 146 114 113 113 192 170 113 113 150 150 150 170 170 170 170 113 114 113 114 113 114 113 114 113 113 114 113 148 148 250 250 113 114 85 82 82 67 82 81 82 82 82 150 151 151 82 82 82 82 81 81 67 68 67 68 67 68 68 68 67 67 67 81 82 82 0 0 0 0 0 0 0 0 0 0 0 0 0 0 0 0 0 0 0 0 0 0 0
"197" 150 150 150 150 170 151 85 0 0 0 0 0 0 0 0 0 0 0 67 67 81 114 148 42 0 83 114 146 41 145 113 113 146 146 83 83 83 83 113 85 42 42 41 42 41 42 0 0 41 170 114 113 250 250 192 114 148 193 148 148 114 114 146 113 114 113 193 170 113 113 85 150 150 170 170 170 170 114 114 114 114 113 113 113 114 113 113 85 114 148 148 250 170 114 113 82 0 0 67 68 82 82 81 82 82 151 85 81 82 82 82 82 67 68 0 0 68 67 67 68 68 67 68 67 67 68 0 0 0 0 0 0 0 0 0 0 0 0 0 0 0 0 0 0 0 0 0 0 0 0
"198" 151 150 150 151 151 85 0 0 0 0 0 0 0 0 67 68 82 82 67 68 82 113 192 82 0 83 114 146 41 41 114 114 146 145 83 83 83 83 85 85 146 41 42 41 41 41 0 0 42 170 113 113 250 250 193 114 114 148 148 148 113 114 146 113 113 114 192 114 114 83 85 85 85 170 170 170 170 114 114 114 114 114 170 170 114 148 114 85 114 148 147 250 170 114 113 42 0 67 68 67 82 82 82 82 82 82 82 82 82 82 81 68 67 0 0 0 68 67 67 68 67 67 67 0 0 0 0 0 0 0 0 0 0 0 0 0 0 0 0 0 0 0 0 0 0 0 0 0 0 0
"199" 150 150 150 150 85 0 0 0 0 0 0 0 0 67 67 68 68 82 68 68 67 113 193 85 0 42 113 146 42 41 113 148 146 146 146 83 83 83 42 85 146 41 42 42 42 41 0 0 85 170 113 113 250 250 192 113 113 148 147 113 113 113 146 113 113 114 192 192 114 83 42 42 85 170 170 170 113 113 113 114 113 170 170 170 170 148 113 85 148 148 250 251 170 114 170 82 0 82 82 82 67 67 67 82 82 82 82 82 68 68 68 68 0 0 0 0 67 67 67 67 67 67 67 0 0 0 0 0 0 0 0 0 0 0 0 0 0 0 0 0 0 0 0 0 0 0 0 0 0 0
"200" 151 151 151 85 0 0 0 0 0 0 0 0 0 67 67 67 67 68 67 68 67 85 148 114 0 41 83 146 83 42 146 148 146 146 146 83 83 83 41 85 146 42 41 42 41 41 0 0 85 250 113 113 250 250 193 113 113 148 148 114 113 114 146 114 114 114 193 193 148 146 83 41 85 170 170 170 114 114 113 113 170 170 170 170 170 148 113 113 148 148 250 250 113 113 170 82 82 82 82 82 81 68 68 82 82 82 81 82 82 67 0 0 0 0 0 0 67 67 67 68 67 68 67 0 0 0 0 0 0 0 0 0 0 0 0 0 0 0 0 0 0 0 0 0 0 0 0 0 0 0
